fecha	objective	metric	first_metric_only	boost_from_average	feature_pre_filter	verbosity	max_depth	min_gain_to_split	lambda_l1	lambda_l2	max_bin	num_iterations	force_row_wise	seed	learning_rate	feature_fraction	min_data_in_leaf	num_leaves	envios	ganancia	iteracion
20221010 145515	binary	custom	TRUE	TRUE	FALSE	-100	-1	0	0	0	31	99	TRUE	113111	0.0500866246767691	0.688884090567008	2781	309	10275	44410000	1
20221010 145719	binary	custom	TRUE	TRUE	FALSE	-100	-1	0	0	0	31	242	TRUE	113111	0.0395876666115946	0.30269993878901	6182	928	8560	41520000	2
20221010 145813	binary	custom	TRUE	TRUE	FALSE	-100	-1	0	0	0	31	149	TRUE	113111	0.082341869602853	0.756205424722284	7034	566	8007	40790000	3
20221010 150314	binary	custom	TRUE	TRUE	FALSE	-100	-1	0	0	0	31	521	TRUE	113111	0.0261371641097358	0.561493847249076	5434	812	11772	46540000	4
20221010 150422	binary	custom	TRUE	TRUE	FALSE	-100	-1	0	0	0	31	65	TRUE	113111	0.0797013236848288	0.48568426579237	3599	351	13677	47130000	5
20221010 150528	binary	custom	TRUE	TRUE	FALSE	-100	-1	0	0	0	31	60	TRUE	113111	0.0692321828530403	0.786886147288606	1077	583	10982	45560000	6
20221010 151529	binary	custom	TRUE	TRUE	FALSE	-100	-1	0	0	0	31	1394	TRUE	113111	0.0132935849711066	0.432325522294268	4515	410	9513	43940000	7
20221010 151836	binary	custom	TRUE	TRUE	FALSE	-100	-1	0	0	0	31	351	TRUE	113111	0.0312422602621373	0.446829853029922	6613	748	6650	38700000	8
20221010 152052	binary	custom	TRUE	TRUE	FALSE	-100	-1	0	0	0	31	235	TRUE	113111	0.034702236536541	0.619555816007778	3720	221	12231	46340000	9
20221010 152209	binary	custom	TRUE	TRUE	FALSE	-100	-1	0	0	0	31	205	TRUE	113111	0.0758396910385345	0.874027084996924	5018	494	11205	45110000	10
20221010 152433	binary	custom	TRUE	TRUE	FALSE	-100	-1	0	0	0	31	308	TRUE	113111	0.0659248544122674	0.551766380313784	2351	134	7803	41600000	11
20221010 152815	binary	custom	TRUE	TRUE	FALSE	-100	-1	0	0	0	31	360	TRUE	113111	0.0158075265449588	0.9509843031317	4203	866	9295	42770000	12
20221010 153021	binary	custom	TRUE	TRUE	FALSE	-100	-1	0	0	0	31	76	TRUE	113111	0.0913036879214342	0.397182178441435	135	652	14725	47830000	13
20221010 153131	binary	custom	TRUE	TRUE	FALSE	-100	-1	0	0	0	31	136	TRUE	113111	0.0960392436520197	0.999764182846993	1664	894	5423	36440000	14
20221010 153802	binary	custom	TRUE	TRUE	FALSE	-100	-1	0	0	0	31	1385	TRUE	113111	0.0219561600101297	0.216925335666165	5705	19	13428	46990000	15
20221010 153937	binary	custom	TRUE	TRUE	FALSE	-100	-1	0	0	0	31	255	TRUE	113111	0.0879885635520914	0.347077852739021	7322	467	12677	45130000	16
20221010 154902	binary	custom	TRUE	TRUE	FALSE	-100	-1	0	0	0	31	616	TRUE	113111	0.00831810700608185	0.800774091621861	785	200	6012	38700000	17
20221010 155209	binary	custom	TRUE	TRUE	FALSE	-100	-1	0	0	0	31	429	TRUE	113111	0.043880066678219	0.25151907841675	1235	716	5626	37710000	18
20221010 155327	binary	custom	TRUE	TRUE	FALSE	-100	-1	0	0	0	31	213	TRUE	113111	0.0533604729272192	0.906956154182553	7946	101	7266	39390000	19
20221010 155433	binary	custom	TRUE	TRUE	FALSE	-100	-1	0	0	0	31	102	TRUE	113111	0.0592799147053156	0.650833667917177	2941	979	14059	47730000	20
20221010 160649	binary	custom	TRUE	TRUE	FALSE	-100	-1	0	0	0	31	766	TRUE	113111	0.00938351103434725	0.410985905527923	1259	668	14706	48910000	21
20221010 162452	binary	custom	TRUE	TRUE	FALSE	-100	-1	0	0	0	31	1835	TRUE	113111	0.00505177712011946	0.482967718487256	4263	666	14998	48330000	22
20221010 164256	binary	custom	TRUE	TRUE	FALSE	-100	-1	0	0	0	31	957	TRUE	113111	0.00603703993411512	0.2005797090449	19	738	14155	46330000	23
20221010 164718	binary	custom	TRUE	TRUE	FALSE	-100	-1	0	0	0	31	324	TRUE	113111	0.0253327697305175	0.535939094920488	1312	597	15000	48880000	24
20221010 170023	binary	custom	TRUE	TRUE	FALSE	-100	-1	0	0	0	31	1201	TRUE	113111	0.00769620719778084	0.405795562796742	1187	71	14997	49370000	25
20221010 170148	binary	custom	TRUE	TRUE	FALSE	-100	-1	0	0	0	31	132	TRUE	113111	0.0476110165860244	0.396228855658348	657	16	14998	47610000	26
20221010 171809	binary	custom	TRUE	TRUE	FALSE	-100	-1	0	0	0	31	1210	TRUE	113111	0.00511200437322384	0.451562794818216	1731	127	14995	49050000	27
20221010 174445	binary	custom	TRUE	TRUE	FALSE	-100	-1	0	0	0	31	5065	TRUE	113111	0.00509189964849129	0.409257444257254	681	16	14979	47410000	28
20221010 174620	binary	custom	TRUE	TRUE	FALSE	-100	-1	0	0	0	31	216	TRUE	113111	0.0842270663991487	0.200540044671066	1306	310	14834	47060000	29
20221010 174849	binary	custom	TRUE	TRUE	FALSE	-100	-1	0	0	0	31	262	TRUE	113111	0.0286888284117158	0.202503068287141	1355	90	14652	48300000	30
20221010 175011	binary	custom	TRUE	TRUE	FALSE	-100	-1	0	0	0	31	170	TRUE	113111	0.0707868788161243	0.349019196708456	5221	1021	14999	46570000	31
20221010 175712	binary	custom	TRUE	TRUE	FALSE	-100	-1	0	0	0	31	1493	TRUE	113111	0.00848645722284482	0.736289248759689	1296	23	14992	47860000	32
20221010 175900	binary	custom	TRUE	TRUE	FALSE	-100	-1	0	0	0	31	118	TRUE	113111	0.0567725829877914	0.445458605466913	1130	861	14994	48900000	33
20221010 180349	binary	custom	TRUE	TRUE	FALSE	-100	-1	0	0	0	31	395	TRUE	113111	0.0199795754859763	0.399508328624553	1286	191	14993	48180000	34
20221010 180737	binary	custom	TRUE	TRUE	FALSE	-100	-1	0	0	0	31	244	TRUE	113111	0.0265558396689063	0.813436411097706	604	686	14953	48340000	35
20221010 181135	binary	custom	TRUE	TRUE	FALSE	-100	-1	0	0	0	31	401	TRUE	113111	0.0251632046495469	0.525743870764626	4100	78	15000	48320000	36
20221010 181659	binary	custom	TRUE	TRUE	FALSE	-100	-1	0	0	0	31	606	TRUE	113111	0.0170113683384474	0.522991323335131	29	80	13631	47780000	37
20221010 183645	binary	custom	TRUE	TRUE	FALSE	-100	-1	0	0	0	31	1246	TRUE	113111	0.00522553503297813	0.640496612205263	362	401	14997	48730000	38
20221010 184425	binary	custom	TRUE	TRUE	FALSE	-100	-1	0	0	0	31	838	TRUE	113111	0.0110049417481719	0.633360118651923	2104	876	14999	47930000	39
20221010 184558	binary	custom	TRUE	TRUE	FALSE	-100	-1	0	0	0	31	223	TRUE	113111	0.09796972408105	0.563927634359076	902	75	15000	48720000	40
20221010 184640	binary	custom	TRUE	TRUE	FALSE	-100	-1	0	0	0	31	55	TRUE	113111	0.09998090108173	0.694402344964136	2253	855	14786	47790000	41
20221010 190653	binary	custom	TRUE	TRUE	FALSE	-100	-1	0	0	0	31	1047	TRUE	113111	0.00519431888378585	0.415913150726166	1080	482	14996	49530000	42
20221010 192627	binary	custom	TRUE	TRUE	FALSE	-100	-1	0	0	0	31	1435	TRUE	113111	0.00517775770679128	0.484823959084218	1308	503	14393	48660000	43
20221010 192811	binary	custom	TRUE	TRUE	FALSE	-100	-1	0	0	0	31	260	TRUE	113111	0.0498688385646127	0.999059004451262	929	81	14999	48330000	44
20221010 193005	binary	custom	TRUE	TRUE	FALSE	-100	-1	0	0	0	31	122	TRUE	113111	0.0450889140216536	0.424302413140249	1230	453	14999	48730000	45
20221010 193049	binary	custom	TRUE	TRUE	FALSE	-100	-1	0	0	0	31	49	TRUE	113111	0.0996840900778121	0.320333419649104	2621	65	12397	46890000	46
20221010 193254	binary	custom	TRUE	TRUE	FALSE	-100	-1	0	0	0	31	136	TRUE	113111	0.0865449035584377	0.42294724977712	0	947	15000	41600000	47
20221010 193420	binary	custom	TRUE	TRUE	FALSE	-100	-1	0	0	0	31	235	TRUE	113111	0.057707875924892	0.710809456997679	5382	836	14627	46990000	48
20221010 193604	binary	custom	TRUE	TRUE	FALSE	-100	-1	0	0	0	31	195	TRUE	113111	0.0551424948726272	0.328795249214919	3050	802	14998	48170000	49
20221010 193724	binary	custom	TRUE	TRUE	FALSE	-100	-1	0	0	0	31	62	TRUE	113111	0.0614986821871604	0.512963085415997	1086	718	14997	47770000	50
