fecha	objective	metric	first_metric_only	boost_from_average	feature_pre_filter	verbosity	max_depth	min_gain_to_split	lambda_l1	lambda_l2	max_bin	num_iterations	force_row_wise	seed	learning_rate	feature_fraction	min_data_in_leaf	num_leaves	envios	ganancia	iteracion
20221012 150020	binary	custom	TRUE	TRUE	FALSE	-100	-1	0	0	0	31	264	TRUE	113111	0.0500866246767691	0.688884090567008	2781	309	10275	51610000	1
20221012 150537	binary	custom	TRUE	TRUE	FALSE	-100	-1	0	0	0	31	1042	TRUE	113111	0.0395876666115946	0.30269993878901	6182	928	8560	47440000	2
20221012 150713	binary	custom	TRUE	TRUE	FALSE	-100	-1	0	0	0	31	341	TRUE	113111	0.082341869602853	0.756205424722284	7034	566	8007	46550000	3
20221012 151117	binary	custom	TRUE	TRUE	FALSE	-100	-1	0	0	0	31	373	TRUE	113111	0.0261371641097358	0.561493847249076	5434	812	11772	52140000	4
20221012 151226	binary	custom	TRUE	TRUE	FALSE	-100	-1	0	0	0	31	71	TRUE	113111	0.0797013236848288	0.48568426579237	3599	351	13677	53610000	5
20221012 151345	binary	custom	TRUE	TRUE	FALSE	-100	-1	0	0	0	31	73	TRUE	113111	0.0692321828530403	0.786886147288606	1077	583	10982	51640000	6
20221012 152752	binary	custom	TRUE	TRUE	FALSE	-100	-1	0	0	0	31	2159	TRUE	113111	0.0132935849711066	0.432325522294268	4515	410	9513	51220000	7
20221012 153118	binary	custom	TRUE	TRUE	FALSE	-100	-1	0	0	0	31	441	TRUE	113111	0.0312422602621373	0.446829853029922	6613	748	6650	43340000	8
20221012 153332	binary	custom	TRUE	TRUE	FALSE	-100	-1	0	0	0	31	256	TRUE	113111	0.034702236536541	0.619555816007778	3720	221	12231	52740000	9
20221012 153459	binary	custom	TRUE	TRUE	FALSE	-100	-1	0	0	0	31	269	TRUE	113111	0.0758396910385345	0.874027084996924	5018	494	11205	51510000	10
20221012 153705	binary	custom	TRUE	TRUE	FALSE	-100	-1	0	0	0	31	237	TRUE	113111	0.0659248544122674	0.551766380313784	2351	134	7803	48400000	11
20221012 154242	binary	custom	TRUE	TRUE	FALSE	-100	-1	0	0	0	31	836	TRUE	113111	0.0158075265449588	0.9509843031317	4203	866	9295	49890000	12
20221012 154423	binary	custom	TRUE	TRUE	FALSE	-100	-1	0	0	0	31	108	TRUE	113111	0.0913036879214342	0.397182178441435	135	652	14725	53430000	13
20221012 154520	binary	custom	TRUE	TRUE	FALSE	-100	-1	0	0	0	31	87	TRUE	113111	0.0960392436520197	0.999764182846993	1664	894	5423	40840000	14
20221012 155229	binary	custom	TRUE	TRUE	FALSE	-100	-1	0	0	0	31	1377	TRUE	113111	0.0219561600101297	0.216925335666165	5705	19	13428	52270000	15
20221012 155329	binary	custom	TRUE	TRUE	FALSE	-100	-1	0	0	0	31	120	TRUE	113111	0.0879885635520914	0.347077852739021	7322	467	12677	51290000	16
20221012 160332	binary	custom	TRUE	TRUE	FALSE	-100	-1	0	0	0	31	703	TRUE	113111	0.00831810700608185	0.800774091621861	785	200	6012	42940000	17
20221012 160532	binary	custom	TRUE	TRUE	FALSE	-100	-1	0	0	0	31	187	TRUE	113111	0.043880066678219	0.25151907841675	1235	716	5626	42030000	18
20221012 160708	binary	custom	TRUE	TRUE	FALSE	-100	-1	0	0	0	31	283	TRUE	113111	0.0533604729272192	0.906956154182553	7946	101	7266	45150000	19
20221012 160904	binary	custom	TRUE	TRUE	FALSE	-100	-1	0	0	0	31	211	TRUE	113111	0.0592799147053156	0.650833667917177	2941	979	14059	55170000	20
20221012 161323	binary	custom	TRUE	TRUE	FALSE	-100	-1	0	0	0	31	556	TRUE	113111	0.0207729732454854	0.92802668431832	2868	940	14540	53880000	21
20221012 161624	binary	custom	TRUE	TRUE	FALSE	-100	-1	0	0	0	31	94	TRUE	113111	0.0511212344734441	0.61116463680187	314	1024	13879	54490000	22
20221012 161714	binary	custom	TRUE	TRUE	FALSE	-100	-1	0	0	0	31	74	TRUE	113111	0.0858014478721028	0.797014913891633	3130	1024	14214	53340000	23
20221012 161855	binary	custom	TRUE	TRUE	FALSE	-100	-1	0	0	0	31	150	TRUE	113111	0.0543574009635858	0.446262350480417	2759	933	14995	54810000	24
20221012 162003	binary	custom	TRUE	TRUE	FALSE	-100	-1	0	0	0	31	81	TRUE	113111	0.0584198652194472	0.632824450369878	2612	719	14586	53470000	25
20221012 164358	binary	custom	TRUE	TRUE	FALSE	-100	-1	0	0	0	31	2856	TRUE	113111	0.00519559010149678	0.568384068852781	3330	1024	13965	54390000	26
20221012 164602	binary	custom	TRUE	TRUE	FALSE	-100	-1	0	0	0	31	216	TRUE	113111	0.064983972476927	0.374872934893466	2822	1024	13647	54310000	27
20221012 164643	binary	custom	TRUE	TRUE	FALSE	-100	-1	0	0	0	31	44	TRUE	113111	0.0997071634730411	0.200054166725514	5	19	12696	47490000	28
20221012 164917	binary	custom	TRUE	TRUE	FALSE	-100	-1	0	0	0	31	289	TRUE	113111	0.0458033520166626	0.553526731680264	3569	931	13871	54100000	29
20221012 165923	binary	custom	TRUE	TRUE	FALSE	-100	-1	0	0	0	31	1671	TRUE	113111	0.00940886280285219	0.71570460498112	4535	1024	14992	54260000	30
20221012 170641	binary	custom	TRUE	TRUE	FALSE	-100	-1	0	0	0	31	964	TRUE	113111	0.0192614915123437	0.375240133322773	2300	383	14694	54940000	31
20221012 172749	binary	custom	TRUE	TRUE	FALSE	-100	-1	0	0	0	31	2444	TRUE	113111	0.0050442113587167	0.437213182553509	4276	344	14060	54360000	32
20221012 174650	binary	custom	TRUE	TRUE	FALSE	-100	-1	0	0	0	31	2154	TRUE	113111	0.00647362053326103	0.38978591798458	2041	1022	14997	55130000	33
20221012 175002	binary	custom	TRUE	TRUE	FALSE	-100	-1	0	0	0	31	263	TRUE	113111	0.0269038937728116	0.684275389668392	2576	1024	13403	53520000	34
20221012 175158	binary	custom	TRUE	TRUE	FALSE	-100	-1	0	0	0	31	165	TRUE	113111	0.0615223000740571	0.554075231417806	1515	987	14582	53960000	35
20221012 175626	binary	custom	TRUE	TRUE	FALSE	-100	-1	0	0	0	31	367	TRUE	113111	0.0182640710773954	0.202489834877223	847	339	15000	54560000	36
20221012 175805	binary	custom	TRUE	TRUE	FALSE	-100	-1	0	0	0	31	198	TRUE	113111	0.0613694744618375	0.257844475424547	2184	1023	14094	54140000	37
20221012 181417	binary	custom	TRUE	TRUE	FALSE	-100	-1	0	0	0	31	1403	TRUE	113111	0.0079538096610978	0.433641557711437	2397	486	14997	55290000	38
20221012 182644	binary	custom	TRUE	TRUE	FALSE	-100	-1	0	0	0	31	1140	TRUE	113111	0.00516610479246318	0.419130234366721	2680	16	14906	53390000	39
20221012 183334	binary	custom	TRUE	TRUE	FALSE	-100	-1	0	0	0	31	829	TRUE	113111	0.0185501666815021	0.401113739269061	2112	689	15000	55280000	40
20221012 184504	binary	custom	TRUE	TRUE	FALSE	-100	-1	0	0	0	31	611	TRUE	113111	0.0102993594263696	0.440279603064919	12	554	14879	55130000	41
20221012 185908	binary	custom	TRUE	TRUE	FALSE	-100	-1	0	0	0	31	1978	TRUE	113111	0.0105963803699045	0.727104781891076	1509	466	14094	54140000	42
20221012 191151	binary	custom	TRUE	TRUE	FALSE	-100	-1	0	0	0	31	1196	TRUE	113111	0.00610607395096349	0.342058174134054	2893	571	14862	54920000	43
20221012 191301	binary	custom	TRUE	TRUE	FALSE	-100	-1	0	0	0	31	152	TRUE	113111	0.0627802398672971	0.657977757297932	7964	1024	14016	53250000	44
20221012 191743	binary	custom	TRUE	TRUE	FALSE	-100	-1	0	0	0	31	380	TRUE	113111	0.020999965685912	0.424571083957224	1264	501	15000	55040000	45
20221012 191857	binary	custom	TRUE	TRUE	FALSE	-100	-1	0	0	0	31	127	TRUE	113111	0.0633406662482184	0.946275875950747	2527	1020	13701	53400000	46
20221012 193319	binary	custom	TRUE	TRUE	FALSE	-100	-1	0	0	0	31	1075	TRUE	113111	0.0082883968837517	0.442111172415305	1635	762	14996	55370000	47
20221012 194819	binary	custom	TRUE	TRUE	FALSE	-100	-1	0	0	0	31	688	TRUE	113111	0.0064611897360875	0.402060727085191	533	460	14300	54680000	48
20221012 201942	binary	custom	TRUE	TRUE	FALSE	-100	-1	0	0	0	31	5637	TRUE	113111	0.00506169456387557	0.418409822459472	4628	22	11083	5.2e+07	49
20221012 204012	binary	custom	TRUE	TRUE	FALSE	-100	-1	0	0	0	31	4120	TRUE	113111	0.00501186970610755	0.992448209873494	7995	181	12179	52610000	50
