fecha	objective	metric	first_metric_only	boost_from_average	feature_pre_filter	verbosity	max_depth	min_gain_to_split	lambda_l1	lambda_l2	max_bin	num_iterations	force_row_wise	seed	learning_rate	feature_fraction	min_data_in_leaf	num_leaves	envios	ganancia	iteracion
20221010 145515	binary	custom	TRUE	TRUE	FALSE	-100	-1	0	0	0	31	99	TRUE	113111	0.0500866246767691	0.688884090567008	2781	309	10275	44410000	1
20221010 145719	binary	custom	TRUE	TRUE	FALSE	-100	-1	0	0	0	31	242	TRUE	113111	0.0395876666115946	0.30269993878901	6182	928	8560	41520000	2
20221010 145813	binary	custom	TRUE	TRUE	FALSE	-100	-1	0	0	0	31	149	TRUE	113111	0.082341869602853	0.756205424722284	7034	566	8007	40790000	3
20221010 150314	binary	custom	TRUE	TRUE	FALSE	-100	-1	0	0	0	31	521	TRUE	113111	0.0261371641097358	0.561493847249076	5434	812	11772	46540000	4
20221010 150422	binary	custom	TRUE	TRUE	FALSE	-100	-1	0	0	0	31	65	TRUE	113111	0.0797013236848288	0.48568426579237	3599	351	13677	47130000	5
20221010 150528	binary	custom	TRUE	TRUE	FALSE	-100	-1	0	0	0	31	60	TRUE	113111	0.0692321828530403	0.786886147288606	1077	583	10982	45560000	6
20221010 151529	binary	custom	TRUE	TRUE	FALSE	-100	-1	0	0	0	31	1394	TRUE	113111	0.0132935849711066	0.432325522294268	4515	410	9513	43940000	7
20221010 151836	binary	custom	TRUE	TRUE	FALSE	-100	-1	0	0	0	31	351	TRUE	113111	0.0312422602621373	0.446829853029922	6613	748	6650	38700000	8
20221010 152052	binary	custom	TRUE	TRUE	FALSE	-100	-1	0	0	0	31	235	TRUE	113111	0.034702236536541	0.619555816007778	3720	221	12231	46340000	9
20221010 152209	binary	custom	TRUE	TRUE	FALSE	-100	-1	0	0	0	31	205	TRUE	113111	0.0758396910385345	0.874027084996924	5018	494	11205	45110000	10
20221010 152433	binary	custom	TRUE	TRUE	FALSE	-100	-1	0	0	0	31	308	TRUE	113111	0.0659248544122674	0.551766380313784	2351	134	7803	41600000	11
20221010 152815	binary	custom	TRUE	TRUE	FALSE	-100	-1	0	0	0	31	360	TRUE	113111	0.0158075265449588	0.9509843031317	4203	866	9295	42770000	12
20221010 153021	binary	custom	TRUE	TRUE	FALSE	-100	-1	0	0	0	31	76	TRUE	113111	0.0913036879214342	0.397182178441435	135	652	14725	47830000	13
20221010 153131	binary	custom	TRUE	TRUE	FALSE	-100	-1	0	0	0	31	136	TRUE	113111	0.0960392436520197	0.999764182846993	1664	894	5423	36440000	14
20221010 153802	binary	custom	TRUE	TRUE	FALSE	-100	-1	0	0	0	31	1385	TRUE	113111	0.0219561600101297	0.216925335666165	5705	19	13428	46990000	15
20221010 153937	binary	custom	TRUE	TRUE	FALSE	-100	-1	0	0	0	31	255	TRUE	113111	0.0879885635520914	0.347077852739021	7322	467	12677	45130000	16
20221010 154902	binary	custom	TRUE	TRUE	FALSE	-100	-1	0	0	0	31	616	TRUE	113111	0.00831810700608185	0.800774091621861	785	200	6012	38700000	17
20221010 155209	binary	custom	TRUE	TRUE	FALSE	-100	-1	0	0	0	31	429	TRUE	113111	0.043880066678219	0.25151907841675	1235	716	5626	37710000	18
20221010 155327	binary	custom	TRUE	TRUE	FALSE	-100	-1	0	0	0	31	213	TRUE	113111	0.0533604729272192	0.906956154182553	7946	101	7266	39390000	19
20221010 155433	binary	custom	TRUE	TRUE	FALSE	-100	-1	0	0	0	31	102	TRUE	113111	0.0592799147053156	0.650833667917177	2941	979	14059	47730000	20
20221010 160649	binary	custom	TRUE	TRUE	FALSE	-100	-1	0	0	0	31	766	TRUE	113111	0.00938351103434725	0.410985905527923	1259	668	14706	48910000	21
20221010 162452	binary	custom	TRUE	TRUE	FALSE	-100	-1	0	0	0	31	1835	TRUE	113111	0.00505177712011946	0.482967718487256	4263	666	14998	48330000	22
20221010 164256	binary	custom	TRUE	TRUE	FALSE	-100	-1	0	0	0	31	957	TRUE	113111	0.00603703993411512	0.2005797090449	19	738	14155	46330000	23
20221010 164718	binary	custom	TRUE	TRUE	FALSE	-100	-1	0	0	0	31	324	TRUE	113111	0.0253327697305175	0.535939094920488	1312	597	15000	48880000	24
20221010 170023	binary	custom	TRUE	TRUE	FALSE	-100	-1	0	0	0	31	1201	TRUE	113111	0.00769620719778084	0.405795562796742	1187	71	14997	49370000	25
20221010 170148	binary	custom	TRUE	TRUE	FALSE	-100	-1	0	0	0	31	132	TRUE	113111	0.0476110165860244	0.396228855658348	657	16	14998	47610000	26
20221010 171809	binary	custom	TRUE	TRUE	FALSE	-100	-1	0	0	0	31	1210	TRUE	113111	0.00511200437322384	0.451562794818216	1731	127	14995	49050000	27
20221010 174445	binary	custom	TRUE	TRUE	FALSE	-100	-1	0	0	0	31	5065	TRUE	113111	0.00509189964849129	0.409257444257254	681	16	14979	47410000	28
20221010 174620	binary	custom	TRUE	TRUE	FALSE	-100	-1	0	0	0	31	216	TRUE	113111	0.0842270663991487	0.200540044671066	1306	310	14834	47060000	29
20221010 174849	binary	custom	TRUE	TRUE	FALSE	-100	-1	0	0	0	31	262	TRUE	113111	0.0286888284117158	0.202503068287141	1355	90	14652	48300000	30
20221010 175011	binary	custom	TRUE	TRUE	FALSE	-100	-1	0	0	0	31	170	TRUE	113111	0.0707868788161243	0.349019196708456	5221	1021	14999	46570000	31
20221010 175712	binary	custom	TRUE	TRUE	FALSE	-100	-1	0	0	0	31	1493	TRUE	113111	0.00848645722284482	0.736289248759689	1296	23	14992	47860000	32
20221010 175900	binary	custom	TRUE	TRUE	FALSE	-100	-1	0	0	0	31	118	TRUE	113111	0.0567725829877914	0.445458605466913	1130	861	14994	48900000	33
20221010 180349	binary	custom	TRUE	TRUE	FALSE	-100	-1	0	0	0	31	395	TRUE	113111	0.0199795754859763	0.399508328624553	1286	191	14993	48180000	34
20221010 180737	binary	custom	TRUE	TRUE	FALSE	-100	-1	0	0	0	31	244	TRUE	113111	0.0265558396689063	0.813436411097706	604	686	14953	48340000	35
20221010 181135	binary	custom	TRUE	TRUE	FALSE	-100	-1	0	0	0	31	401	TRUE	113111	0.0251632046495469	0.525743870764626	4100	78	15000	48320000	36
20221010 181659	binary	custom	TRUE	TRUE	FALSE	-100	-1	0	0	0	31	606	TRUE	113111	0.0170113683384474	0.522991323335131	29	80	13631	47780000	37
20221010 183645	binary	custom	TRUE	TRUE	FALSE	-100	-1	0	0	0	31	1246	TRUE	113111	0.00522553503297813	0.640496612205263	362	401	14997	48730000	38
20221010 184425	binary	custom	TRUE	TRUE	FALSE	-100	-1	0	0	0	31	838	TRUE	113111	0.0110049417481719	0.633360118651923	2104	876	14999	47930000	39
20221010 184558	binary	custom	TRUE	TRUE	FALSE	-100	-1	0	0	0	31	223	TRUE	113111	0.09796972408105	0.563927634359076	902	75	15000	48720000	40
20221010 184640	binary	custom	TRUE	TRUE	FALSE	-100	-1	0	0	0	31	55	TRUE	113111	0.09998090108173	0.694402344964136	2253	855	14786	47790000	41
20221010 190653	binary	custom	TRUE	TRUE	FALSE	-100	-1	0	0	0	31	1047	TRUE	113111	0.00519431888378585	0.415913150726166	1080	482	14996	49530000	42
20221010 192627	binary	custom	TRUE	TRUE	FALSE	-100	-1	0	0	0	31	1435	TRUE	113111	0.00517775770679128	0.484823959084218	1308	503	14393	48660000	43
20221010 192811	binary	custom	TRUE	TRUE	FALSE	-100	-1	0	0	0	31	260	TRUE	113111	0.0498688385646127	0.999059004451262	929	81	14999	48330000	44
20221010 193005	binary	custom	TRUE	TRUE	FALSE	-100	-1	0	0	0	31	122	TRUE	113111	0.0450889140216536	0.424302413140249	1230	453	14999	48730000	45
20221010 193049	binary	custom	TRUE	TRUE	FALSE	-100	-1	0	0	0	31	49	TRUE	113111	0.0996840900778121	0.320333419649104	2621	65	12397	46890000	46
20221010 193254	binary	custom	TRUE	TRUE	FALSE	-100	-1	0	0	0	31	136	TRUE	113111	0.0865449035584377	0.42294724977712	0	947	15000	41600000	47
20221010 193420	binary	custom	TRUE	TRUE	FALSE	-100	-1	0	0	0	31	235	TRUE	113111	0.057707875924892	0.710809456997679	5382	836	14627	46990000	48
20221010 193604	binary	custom	TRUE	TRUE	FALSE	-100	-1	0	0	0	31	195	TRUE	113111	0.0551424948726272	0.328795249214919	3050	802	14998	48170000	49
20221010 193724	binary	custom	TRUE	TRUE	FALSE	-100	-1	0	0	0	31	62	TRUE	113111	0.0614986821871604	0.512963085415997	1086	718	14997	47770000	50
fecha	objective	metric	first_metric_only	boost_from_average	feature_pre_filter	verbosity	max_depth	min_gain_to_split	lambda_l1	lambda_l2	max_bin	num_iterations	force_row_wise	seed	learning_rate	feature_fraction	min_data_in_leaf	num_leaves	envios	ganancia	iteracion
20221009 190740	binary	custom	TRUE	TRUE	FALSE	-100	-1	0	0	0	31	269	TRUE	113111	0.0500866246767691	0.688884090567008	2781	309	10275	42250000	1
20221009 190901	binary	custom	TRUE	TRUE	FALSE	-100	-1	0	0	0	31	277	TRUE	113111	0.0395876666115946	0.30269993878901	6182	928	8560	38880000	2
20221009 190947	binary	custom	TRUE	TRUE	FALSE	-100	-1	0	0	0	31	179	TRUE	113111	0.082341869602853	0.756205424722284	7034	566	8007	39350000	3
20221009 191347	binary	custom	TRUE	TRUE	FALSE	-100	-1	0	0	0	31	854	TRUE	113111	0.0261371641097358	0.561493847249076	5434	812	11772	42540000	4
20221009 191439	binary	custom	TRUE	TRUE	FALSE	-100	-1	0	0	0	31	107	TRUE	113111	0.0797013236848288	0.48568426579237	3599	351	13677	45050000	5
20221009 191605	binary	custom	TRUE	TRUE	FALSE	-100	-1	0	0	0	31	168	TRUE	113111	0.0692321828530403	0.786886147288606	1077	583	10982	42920000	6
20221009 192351	binary	custom	TRUE	TRUE	FALSE	-100	-1	0	0	0	31	1596	TRUE	113111	0.0132935849711066	0.432325522294268	4515	410	9513	41540000	7
20221009 192647	binary	custom	TRUE	TRUE	FALSE	-100	-1	0	0	0	31	543	TRUE	113111	0.0312422602621373	0.446829853029922	6613	748	6650	35740000	8
20221009 192956	binary	custom	TRUE	TRUE	FALSE	-100	-1	0	0	0	31	621	TRUE	113111	0.034702236536541	0.619555816007778	3720	221	12231	42740000	9
20221009 193106	binary	custom	TRUE	TRUE	FALSE	-100	-1	0	0	0	31	204	TRUE	113111	0.0758396910385345	0.874027084996924	5018	494	11205	42550000	10
20221009 193217	binary	custom	TRUE	TRUE	FALSE	-100	-1	0	0	0	31	140	TRUE	113111	0.0659248544122674	0.551766380313784	2351	134	7803	38400000	11
20221009 193737	binary	custom	TRUE	TRUE	FALSE	-100	-1	0	0	0	31	911	TRUE	113111	0.0158075265449588	0.9509843031317	4203	866	9295	40290000	12
20221009 193944	binary	custom	TRUE	TRUE	FALSE	-100	-1	0	0	0	31	68	TRUE	113111	0.0913036879214342	0.397182178441435	135	652	14725	43990000	13
20221009 194040	binary	custom	TRUE	TRUE	FALSE	-100	-1	0	0	0	31	107	TRUE	113111	0.0960392436520197	0.999764182846993	1664	894	5423	32680000	14
20221009 194341	binary	custom	TRUE	TRUE	FALSE	-100	-1	0	0	0	31	549	TRUE	113111	0.0219561600101297	0.216925335666165	5705	19	13428	44190000	15
20221009 194453	binary	custom	TRUE	TRUE	FALSE	-100	-1	0	0	0	31	230	TRUE	113111	0.0879885635520914	0.347077852739021	7322	467	12677	43290000	16
20221009 195700	binary	custom	TRUE	TRUE	FALSE	-100	-1	0	0	0	31	1163	TRUE	113111	0.00831810700608185	0.800774091621861	785	200	6012	35420000	17
20221009 195934	binary	custom	TRUE	TRUE	FALSE	-100	-1	0	0	0	31	292	TRUE	113111	0.043880066678219	0.25151907841675	1235	716	5626	35310000	18
20221009 200136	binary	custom	TRUE	TRUE	FALSE	-100	-1	0	0	0	31	374	TRUE	113111	0.0533604729272192	0.906956154182553	7946	101	7266	37470000	19
20221009 200250	binary	custom	TRUE	TRUE	FALSE	-100	-1	0	0	0	31	134	TRUE	113111	0.0592799147053156	0.650833667917177	2941	979	14059	45090000	20
20221009 200419	binary	custom	TRUE	TRUE	FALSE	-100	-1	0	0	0	31	196	TRUE	113111	0.0492292951012064	0.389550081825549	3348	623	13912	44180000	21
20221009 200525	binary	custom	TRUE	TRUE	FALSE	-100	-1	0	0	0	31	255	TRUE	113111	0.08118385399969	0.200144983952483	4289	22	14999	44570000	22
20221009 200632	binary	custom	TRUE	TRUE	FALSE	-100	-1	0	0	0	31	126	TRUE	113111	0.0806073759728738	0.675794441219283	2745	442	15000	45280000	23
20221009 202047	binary	custom	TRUE	TRUE	FALSE	-100	-1	0	0	0	31	666	TRUE	113111	0.00525764157555805	0.689126952817388	1102	1024	14998	46410000	24
20221009 212219	binary	custom	TRUE	TRUE	FALSE	-100	-1	0	0	0	31	2788	TRUE	113111	0.00500196955490325	0.971706550254229	5889	1023	15000	44400000	25
20221009 212703	binary	custom	TRUE	TRUE	FALSE	-100	-1	0	0	0	31	868	TRUE	113111	0.00506110326963719	0.682918345756068	265	22	14996	45370000	26
20221009 220122	binary	custom	TRUE	TRUE	FALSE	-100	-1	0	0	0	31	813	TRUE	113111	0.00507219078139184	0.769054850184679	0	838	14529	45270000	27
20221009 221504	binary	custom	TRUE	TRUE	FALSE	-100	-1	0	0	0	31	1572	TRUE	113111	0.00502783941178334	0.200994732087414	1218	314	14993	45620000	28
20221009 222610	binary	custom	TRUE	TRUE	FALSE	-100	-1	0	0	0	31	1980	TRUE	113111	0.00504193694837503	0.533602972190574	3761	289	14996	45610000	29
20221009 222634	binary	custom	TRUE	TRUE	FALSE	-100	-1	0	0	0	31	81	TRUE	113111	0.0998881055389791	0.688877371545019	7814	17	14128	43510000	30
20221009 224017	binary	custom	TRUE	TRUE	FALSE	-100	-1	0	0	0	31	2081	TRUE	113111	0.0053582900173625	0.561627706741786	2022	1024	14999	45770000	31
20221009 224717	binary	custom	TRUE	TRUE	FALSE	-100	-1	0	0	0	31	1195	TRUE	113111	0.00507454506183388	0.381088487409605	819	39	14998	45530000	32
20221009 225952	binary	custom	TRUE	TRUE	FALSE	-100	-1	0	0	0	31	3469	TRUE	113111	0.00512010901476003	0.30723565875932	7994	271	14996	45130000	33
20221009 231536	binary	custom	TRUE	TRUE	FALSE	-100	-1	0	0	0	31	1353	TRUE	113111	0.00504067427264997	0.672821669327165	1178	450	14998	46570000	34
20221009 231830	binary	custom	TRUE	TRUE	FALSE	-100	-1	0	0	0	31	81	TRUE	113111	0.0297792554342571	0.609140280409315	540	422	14998	45930000	35
20221009 233209	binary	custom	TRUE	TRUE	FALSE	-100	-1	0	0	0	31	3764	TRUE	113111	0.00505785827907311	0.695590758943069	7999	537	14991	44260000	36
20221009 233739	binary	custom	TRUE	TRUE	FALSE	-100	-1	0	0	0	31	446	TRUE	113111	0.0114049784894196	0.828087760420039	1249	512	14999	45530000	37
20221009 233846	binary	custom	TRUE	TRUE	FALSE	-100	-1	0	0	0	31	53	TRUE	113111	0.0621427628107048	0.529038183205424	969	350	14999	45610000	38
20221009 235238	binary	custom	TRUE	TRUE	FALSE	-100	-1	0	0	0	31	595	TRUE	113111	0.00507848135783095	0.631013424901044	794	407	14998	46570000	39
20221010 000831	binary	custom	TRUE	TRUE	FALSE	-100	-1	0	0	0	31	481	TRUE	113111	0.00507746297812391	0.662001394942729	596	457	14993	46100000	40
20221010 000908	binary	custom	TRUE	TRUE	FALSE	-100	-1	0	0	0	31	100	TRUE	113111	0.0999396450977015	0.565549789659993	5112	1023	14994	44180000	41
20221010 002031	binary	custom	TRUE	TRUE	FALSE	-100	-1	0	0	0	31	888	TRUE	113111	0.00530317959235336	0.611124901369179	1337	330	14875	46010000	42
20221010 003600	binary	custom	TRUE	TRUE	FALSE	-100	-1	0	0	0	31	2606	TRUE	113111	0.00521029431128461	0.527423676658538	2516	408	14997	45690000	43
20221010 004151	binary	custom	TRUE	TRUE	FALSE	-100	-1	0	0	0	31	626	TRUE	113111	0.0192437303729393	0.532753258530274	1024	860	14996	46170000	44
20221010 004325	binary	custom	TRUE	TRUE	FALSE	-100	-1	0	0	0	31	321	TRUE	113111	0.0433095130631132	0.575317486881786	5760	360	14994	44820000	45
20221010 010151	binary	custom	TRUE	TRUE	FALSE	-100	-1	0	0	0	31	2118	TRUE	113111	0.00709762619451727	0.332890555719788	934	1023	13630	44980000	46
20221010 011258	binary	custom	TRUE	TRUE	FALSE	-100	-1	0	0	0	31	1811	TRUE	113111	0.00502325305905178	0.665990152941754	3835	967	14996	45530000	47
20221010 011358	binary	custom	TRUE	TRUE	FALSE	-100	-1	0	0	0	31	95	TRUE	113111	0.0984946547115003	0.675166852043817	1113	1024	14993	44900000	48
20221010 012528	binary	custom	TRUE	TRUE	FALSE	-100	-1	0	0	0	31	679	TRUE	113111	0.00539721910135673	0.625782319000654	1117	727	15000	46480000	49
20221010 013821	binary	custom	TRUE	TRUE	FALSE	-100	-1	0	0	0	31	2840	TRUE	113111	0.0050217239559246	0.215091837330666	6613	431	14995	44810000	50
fecha	objective	metric	first_metric_only	boost_from_average	feature_pre_filter	verbosity	max_depth	min_gain_to_split	lambda_l1	lambda_l2	max_bin	num_iterations	force_row_wise	seed	learning_rate	feature_fraction	min_data_in_leaf	num_leaves	envios	ganancia	iteracion
20221010 115531	binary	custom	TRUE	TRUE	FALSE	-100	-1	0	0	0	31	432	TRUE	113111	0.0500866246767691	0.688884090567008	2781	309	10275	51290000	1
20221010 115807	binary	custom	TRUE	TRUE	FALSE	-100	-1	0	0	0	31	643	TRUE	113111	0.0395876666115946	0.30269993878901	6182	928	8560	47920000	2
20221010 115854	binary	custom	TRUE	TRUE	FALSE	-100	-1	0	0	0	31	166	TRUE	113111	0.082341869602853	0.756205424722284	7034	566	8007	45670000	3
20221010 120126	binary	custom	TRUE	TRUE	FALSE	-100	-1	0	0	0	31	340	TRUE	113111	0.0261371641097358	0.561493847249076	5434	812	11772	51660000	4
20221010 120243	binary	custom	TRUE	TRUE	FALSE	-100	-1	0	0	0	31	188	TRUE	113111	0.0797013236848288	0.48568426579237	3599	351	13677	53130000	5
20221010 120414	binary	custom	TRUE	TRUE	FALSE	-100	-1	0	0	0	31	148	TRUE	113111	0.0692321828530403	0.786886147288606	1077	583	10982	51560000	6
20221010 121243	binary	custom	TRUE	TRUE	FALSE	-100	-1	0	0	0	31	1528	TRUE	113111	0.0132935849711066	0.432325522294268	4515	410	9513	50100000	7
20221010 121839	binary	custom	TRUE	TRUE	FALSE	-100	-1	0	0	0	31	1156	TRUE	113111	0.0312422602621373	0.446829853029922	6613	748	6650	44700000	8
20221010 122016	binary	custom	TRUE	TRUE	FALSE	-100	-1	0	0	0	31	161	TRUE	113111	0.034702236536541	0.619555816007778	3720	221	12231	52500000	9
20221010 122108	binary	custom	TRUE	TRUE	FALSE	-100	-1	0	0	0	31	125	TRUE	113111	0.0758396910385345	0.874027084996924	5018	494	11205	50790000	10
20221010 122228	binary	custom	TRUE	TRUE	FALSE	-100	-1	0	0	0	31	156	TRUE	113111	0.0659248544122674	0.551766380313784	2351	134	7803	47200000	11
20221010 122723	binary	custom	TRUE	TRUE	FALSE	-100	-1	0	0	0	31	747	TRUE	113111	0.0158075265449588	0.9509843031317	4203	866	9295	49570000	12
20221010 123037	binary	custom	TRUE	TRUE	FALSE	-100	-1	0	0	0	31	156	TRUE	113111	0.0913036879214342	0.397182178441435	135	652	14725	51190000	13
20221010 123141	binary	custom	TRUE	TRUE	FALSE	-100	-1	0	0	0	31	121	TRUE	113111	0.0960392436520197	0.999764182846993	1664	894	5423	40760000	14
20221010 123458	binary	custom	TRUE	TRUE	FALSE	-100	-1	0	0	0	31	556	TRUE	113111	0.0219561600101297	0.216925335666165	5705	19	13428	52990000	15
20221010 123601	binary	custom	TRUE	TRUE	FALSE	-100	-1	0	0	0	31	142	TRUE	113111	0.0879885635520914	0.347077852739021	7322	467	12677	52250000	16
20221010 124531	binary	custom	TRUE	TRUE	FALSE	-100	-1	0	0	0	31	500	TRUE	113111	0.00831810700608185	0.800774091621861	785	200	6012	43180000	17
20221010 124808	binary	custom	TRUE	TRUE	FALSE	-100	-1	0	0	0	31	278	TRUE	113111	0.043880066678219	0.25151907841675	1235	716	5626	42510000	18
20221010 125035	binary	custom	TRUE	TRUE	FALSE	-100	-1	0	0	0	31	562	TRUE	113111	0.0533604729272192	0.906956154182553	7946	101	7266	45070000	19
20221010 125212	binary	custom	TRUE	TRUE	FALSE	-100	-1	0	0	0	31	181	TRUE	113111	0.0592799147053156	0.650833667917177	2941	979	14059	53890000	20
20221010 125540	binary	custom	TRUE	TRUE	FALSE	-100	-1	0	0	0	31	404	TRUE	113111	0.0290538853381505	0.807382307535413	2849	1023	13656	54050000	21
20221010 125731	binary	custom	TRUE	TRUE	FALSE	-100	-1	0	0	0	31	279	TRUE	113111	0.0368632932848475	0.733712549547065	7410	907	14074	53540000	22
20221010 125922	binary	custom	TRUE	TRUE	FALSE	-100	-1	0	0	0	31	182	TRUE	113111	0.0412007188098347	0.470848516490896	3524	1024	13621	53480000	23
20221010 130047	binary	custom	TRUE	TRUE	FALSE	-100	-1	0	0	0	31	116	TRUE	113111	0.0513385678334295	0.999466820761355	2858	1006	13891	54060000	24
20221010 130246	binary	custom	TRUE	TRUE	FALSE	-100	-1	0	0	0	31	187	TRUE	113111	0.0419252319696042	0.835931617021964	2840	768	13917	54250000	25
20221010 131435	binary	custom	TRUE	TRUE	FALSE	-100	-1	0	0	0	31	889	TRUE	113111	0.00566346291843859	0.954225785485818	2861	809	14152	54260000	26
20221010 132027	binary	custom	TRUE	TRUE	FALSE	-100	-1	0	0	0	31	732	TRUE	113111	0.0160306898620978	0.927436956884263	2584	426	14034	54180000	27
20221010 132415	binary	custom	TRUE	TRUE	FALSE	-100	-1	0	0	0	31	455	TRUE	113111	0.0237745481180809	0.911690428765585	2577	832	14093	54220000	28
20221010 134628	binary	custom	TRUE	TRUE	FALSE	-100	-1	0	0	0	31	2507	TRUE	113111	0.00504213601349816	0.818117204007182	2893	652	13901	54440000	29
20221010 140025	binary	custom	TRUE	TRUE	FALSE	-100	-1	0	0	0	31	1458	TRUE	113111	0.00557921012544852	0.959128397306854	3001	630	13598	53770000	30
20221010 142103	binary	custom	TRUE	TRUE	FALSE	-100	-1	0	0	0	31	2858	TRUE	113111	0.00511983306330285	0.715074898335745	3138	472	14156	54410000	31
20221010 144034	binary	custom	TRUE	TRUE	FALSE	-100	-1	0	0	0	31	1148	TRUE	113111	0.00533172852186066	0.757457958946109	1351	682	14014	54460000	32
20221010 145456	binary	custom	TRUE	TRUE	FALSE	-100	-1	0	0	0	31	2581	TRUE	113111	0.00512663067453107	0.736244299410551	2161	20	14018	53730000	33
20221010 151335	binary	custom	TRUE	TRUE	FALSE	-100	-1	0	0	0	31	1662	TRUE	113111	0.00514883385565714	0.771347627374049	2522	984	14026	54750000	34
20221010 160753	binary	custom	TRUE	TRUE	FALSE	-100	-1	0	0	0	31	2688	TRUE	113111	0.00503590624470252	0.768108579531239	2604	1024	14996	55210000	35
20221010 160908	binary	custom	TRUE	TRUE	FALSE	-100	-1	0	0	0	31	217	TRUE	113111	0.0569290519966463	0.852556794478868	7719	108	15000	53600000	36
20221010 162822	binary	custom	TRUE	TRUE	FALSE	-100	-1	0	0	0	31	3382	TRUE	113111	0.00503064583858445	0.759835276544386	4105	1024	14997	54410000	37
20221010 164311	binary	custom	TRUE	TRUE	FALSE	-100	-1	0	0	0	31	1389	TRUE	113111	0.00502583764063055	0.355926203346729	2416	598	14996	54970000	38
20221010 165753	binary	custom	TRUE	TRUE	FALSE	-100	-1	0	0	0	31	2383	TRUE	113111	0.00512109294743865	0.27732518552534	7996	469	14989	53630000	39
20221010 171405	binary	custom	TRUE	TRUE	FALSE	-100	-1	0	0	0	31	1731	TRUE	113111	0.00503119603279361	0.642243530515573	2164	404	14998	55130000	40
20221010 171547	binary	custom	TRUE	TRUE	FALSE	-100	-1	0	0	0	31	204	TRUE	113111	0.0440166682610042	0.200254509505635	2632	206	14998	53770000	41
20221010 173519	binary	custom	TRUE	TRUE	FALSE	-100	-1	0	0	0	31	2362	TRUE	113111	0.00504695024775496	0.613593103064255	2262	664	15000	55200000	42
20221010 175354	binary	custom	TRUE	TRUE	FALSE	-100	-1	0	0	0	31	2250	TRUE	113111	0.00508986510802224	0.774884646316106	2192	627	14997	55050000	43
20221010 181743	binary	custom	TRUE	TRUE	FALSE	-100	-1	0	0	0	31	2583	TRUE	113111	0.00510466823799029	0.503725221763161	2398	352	14997	55370000	44
20221010 183316	binary	custom	TRUE	TRUE	FALSE	-100	-1	0	0	0	31	1591	TRUE	113111	0.00501945661558329	0.468739618877827	2349	266	14995	54810000	45
20221010 185336	binary	custom	TRUE	TRUE	FALSE	-100	-1	0	0	0	31	2623	TRUE	113111	0.00522730110312285	0.518236663668172	2453	466	14991	54820000	46
20221010 191705	binary	custom	TRUE	TRUE	FALSE	-100	-1	0	0	0	31	3136	TRUE	113111	0.00500900579672826	0.717597343995748	2967	345	14996	55450000	47
20221010 192048	binary	custom	TRUE	TRUE	FALSE	-100	-1	0	0	0	31	594	TRUE	113111	0.0290962869949906	0.694908943216367	3039	349	14996	54250000	48
20221010 193316	binary	custom	TRUE	TRUE	FALSE	-100	-1	0	0	0	31	1692	TRUE	113111	0.00504918158487211	0.785078103959459	6107	335	15000	54080000	49
20221010 193447	binary	custom	TRUE	TRUE	FALSE	-100	-1	0	0	0	31	283	TRUE	113111	0.0712527629386896	0.203191033046616	6761	754	14995	53930000	50
fecha	objective	metric	first_metric_only	boost_from_average	feature_pre_filter	verbosity	max_depth	min_gain_to_split	lambda_l1	lambda_l2	max_bin	num_iterations	force_row_wise	seed	learning_rate	feature_fraction	min_data_in_leaf	num_leaves	envios	ganancia	iteracion
20221010 204146	binary	custom	TRUE	TRUE	FALSE	-100	-1	0	0	0	31	76	TRUE	113111	0.0500866246767691	0.688884090567008	2781	309	10275	48970000	1
20221010 204441	binary	custom	TRUE	TRUE	FALSE	-100	-1	0	0	0	31	394	TRUE	113111	0.0395876666115946	0.30269993878901	6182	928	8560	4.6e+07	2
20221010 204540	binary	custom	TRUE	TRUE	FALSE	-100	-1	0	0	0	31	91	TRUE	113111	0.082341869602853	0.756205424722284	7034	566	8007	44470000	3
20221010 205153	binary	custom	TRUE	TRUE	FALSE	-100	-1	0	0	0	31	578	TRUE	113111	0.0261371641097358	0.561493847249076	5434	812	11772	50780000	4
20221010 205307	binary	custom	TRUE	TRUE	FALSE	-100	-1	0	0	0	31	60	TRUE	113111	0.0797013236848288	0.48568426579237	3599	351	13677	51770000	5
20221010 205421	binary	custom	TRUE	TRUE	FALSE	-100	-1	0	0	0	31	26	TRUE	113111	0.0692321828530403	0.786886147288606	1077	583	10982	49240000	6
20221010 210515	binary	custom	TRUE	TRUE	FALSE	-100	-1	0	0	0	31	1355	TRUE	113111	0.0132935849711066	0.432325522294268	4515	410	9513	49220000	7
20221010 210924	binary	custom	TRUE	TRUE	FALSE	-100	-1	0	0	0	31	509	TRUE	113111	0.0312422602621373	0.446829853029922	6613	748	6650	41900000	8
20221010 211223	binary	custom	TRUE	TRUE	FALSE	-100	-1	0	0	0	31	216	TRUE	113111	0.034702236536541	0.619555816007778	3720	221	12231	51940000	9
20221010 211354	binary	custom	TRUE	TRUE	FALSE	-100	-1	0	0	0	31	176	TRUE	113111	0.0758396910385345	0.874027084996924	5018	494	11205	50150000	10
20221010 211511	binary	custom	TRUE	TRUE	FALSE	-100	-1	0	0	0	31	51	TRUE	113111	0.0659248544122674	0.551766380313784	2351	134	7803	44320000	11
20221010 212236	binary	custom	TRUE	TRUE	FALSE	-100	-1	0	0	0	31	853	TRUE	113111	0.0158075265449588	0.9509843031317	4203	866	9295	47810000	12
20221010 212449	binary	custom	TRUE	TRUE	FALSE	-100	-1	0	0	0	31	137	TRUE	113111	0.0913036879214342	0.397182178441435	135	652	14725	50710000	13
20221010 212553	binary	custom	TRUE	TRUE	FALSE	-100	-1	0	0	0	31	60	TRUE	113111	0.0960392436520197	0.999764182846993	1664	894	5423	3.7e+07	14
20221010 213050	binary	custom	TRUE	TRUE	FALSE	-100	-1	0	0	0	31	655	TRUE	113111	0.0219561600101297	0.216925335666165	5705	19	13428	52110000	15
20221010 213156	binary	custom	TRUE	TRUE	FALSE	-100	-1	0	0	0	31	116	TRUE	113111	0.0879885635520914	0.347077852739021	7322	467	12677	50650000	16
20221010 214337	binary	custom	TRUE	TRUE	FALSE	-100	-1	0	0	0	31	543	TRUE	113111	0.00831810700608185	0.800774091621861	785	200	6012	41820000	17
20221010 214534	binary	custom	TRUE	TRUE	FALSE	-100	-1	0	0	0	31	142	TRUE	113111	0.043880066678219	0.25151907841675	1235	716	5626	38990000	18
20221010 214700	binary	custom	TRUE	TRUE	FALSE	-100	-1	0	0	0	31	136	TRUE	113111	0.0533604729272192	0.906956154182553	7946	101	7266	42830000	19
20221010 214845	binary	custom	TRUE	TRUE	FALSE	-100	-1	0	0	0	31	162	TRUE	113111	0.0592799147053156	0.650833667917177	2941	979	14059	51890000	20
20221010 220511	binary	custom	TRUE	TRUE	FALSE	-100	-1	0	0	0	31	1321	TRUE	113111	0.00611092847720026	0.796269789860835	4099	342	14047	52790000	21
20221010 220846	binary	custom	TRUE	TRUE	FALSE	-100	-1	0	0	0	31	326	TRUE	113111	0.0315173569416998	0.725998390370985	4844	70	15000	53120000	22
20221010 221059	binary	custom	TRUE	TRUE	FALSE	-100	-1	0	0	0	31	170	TRUE	113111	0.043858654678214	0.998948315982953	4887	502	14997	53450000	23
20221010 221325	binary	custom	TRUE	TRUE	FALSE	-100	-1	0	0	0	31	321	TRUE	113111	0.0434526956156241	0.880006982013014	7746	501	14996	52730000	24
20221010 221526	binary	custom	TRUE	TRUE	FALSE	-100	-1	0	0	0	31	311	TRUE	113111	0.0434805564010826	0.99996468062554	4281	18	14605	52630000	25
20221010 221749	binary	custom	TRUE	TRUE	FALSE	-100	-1	0	0	0	31	160	TRUE	113111	0.0330297717117893	0.856976276174394	3792	532	15000	52800000	26
20221010 221838	binary	custom	TRUE	TRUE	FALSE	-100	-1	0	0	0	31	61	TRUE	113111	0.0913156850504308	0.999825361225909	5636	1005	14998	52810000	27
20221010 221953	binary	custom	TRUE	TRUE	FALSE	-100	-1	0	0	0	31	105	TRUE	113111	0.063424925874459	0.999501700215904	5505	425	15000	52880000	28
20221010 222221	binary	custom	TRUE	TRUE	FALSE	-100	-1	0	0	0	31	263	TRUE	113111	0.0382223260827314	0.999556822099542	5458	1022	14999	52570000	29
20221010 222821	binary	custom	TRUE	TRUE	FALSE	-100	-1	0	0	0	31	696	TRUE	113111	0.0162056864062805	0.999962927562807	5589	390	14994	53300000	30
20221010 223039	binary	custom	TRUE	TRUE	FALSE	-100	-1	0	0	0	31	191	TRUE	113111	0.037960172180984	0.999810213050405	5197	537	14146	53070000	31
20221010 224619	binary	custom	TRUE	TRUE	FALSE	-100	-1	0	0	0	31	910	TRUE	113111	0.00507828310589967	0.525990153167103	5021	96	14995	52970000	32
20221010 225711	binary	custom	TRUE	TRUE	FALSE	-100	-1	0	0	0	31	927	TRUE	113111	0.00500096423967285	0.662662421753516	5797	16	13423	52120000	33
20221010 225910	binary	custom	TRUE	TRUE	FALSE	-100	-1	0	0	0	31	123	TRUE	113111	0.0409013785964101	0.597912335659645	5033	314	15000	53280000	34
20221010 231623	binary	custom	TRUE	TRUE	FALSE	-100	-1	0	0	0	31	2969	TRUE	113111	0.00504931184918744	0.2025383711001	8	16	13958	52170000	35
20221010 231905	binary	custom	TRUE	TRUE	FALSE	-100	-1	0	0	0	31	247	TRUE	113111	0.0334028840342274	0.992448490351511	4974	312	14993	52340000	36
20221010 232034	binary	custom	TRUE	TRUE	FALSE	-100	-1	0	0	0	31	115	TRUE	113111	0.0469435665804427	0.456785749772283	1909	16	15000	53120000	37
20221010 232304	binary	custom	TRUE	TRUE	FALSE	-100	-1	0	0	0	31	233	TRUE	113111	0.0498308048376305	0.636856148886963	4917	548	14998	53770000	38
20221010 233451	binary	custom	TRUE	TRUE	FALSE	-100	-1	0	0	0	31	1277	TRUE	113111	0.00814798797447533	0.999722853046044	5299	610	14996	53210000	39
20221010 233959	binary	custom	TRUE	TRUE	FALSE	-100	-1	0	0	0	31	610	TRUE	113111	0.0170141022964002	0.598222764397843	3752	16	15000	52960000	40
20221010 234142	binary	custom	TRUE	TRUE	FALSE	-100	-1	0	0	0	31	143	TRUE	113111	0.0474721634799543	0.750856861444528	5449	513	14997	53290000	41
20221010 234343	binary	custom	TRUE	TRUE	FALSE	-100	-1	0	0	0	31	218	TRUE	113111	0.0454397871723738	0.236327516811803	4442	510	14990	53060000	42
20221010 234538	binary	custom	TRUE	TRUE	FALSE	-100	-1	0	0	0	31	136	TRUE	113111	0.0515700561421206	0.518095866356193	4646	52	14998	53530000	43
20221010 234747	binary	custom	TRUE	TRUE	FALSE	-100	-1	0	0	0	31	279	TRUE	113111	0.0462582318894574	0.628476770417171	2	66	14948	49230000	44
20221011 000336	binary	custom	TRUE	TRUE	FALSE	-100	-1	0	0	0	31	1345	TRUE	113111	0.00505510440939249	0.202145144694804	1565	445	13847	53110000	45
20221011 000825	binary	custom	TRUE	TRUE	FALSE	-100	-1	0	0	0	31	377	TRUE	113111	0.019153653591512	0.598418166462348	4631	473	14715	53370000	46
20221011 002935	binary	custom	TRUE	TRUE	FALSE	-100	-1	0	0	0	31	3420	TRUE	113111	0.00505429815812929	0.277691964664732	1725	18	13025	52030000	47
20221011 003036	binary	custom	TRUE	TRUE	FALSE	-100	-1	0	0	0	31	77	TRUE	113111	0.0831870844224721	0.998726282450955	7999	943	14995	51610000	48
20221011 003755	binary	custom	TRUE	TRUE	FALSE	-100	-1	0	0	0	31	713	TRUE	113111	0.0105247180957105	0.999180288923291	6681	487	14997	52890000	49
20221011 003926	binary	custom	TRUE	TRUE	FALSE	-100	-1	0	0	0	31	162	TRUE	113111	0.0678819565573801	0.654188637886482	4685	791	15000	53120000	50
