fecha	objective	metric	first_metric_only	boost_from_average	feature_pre_filter	verbosity	max_depth	min_gain_to_split	lambda_l1	lambda_l2	max_bin	num_iterations	force_row_wise	seed	learning_rate	feature_fraction	min_data_in_leaf	num_leaves	envios	ganancia	iteracion
20220928 173309	binary	custom	TRUE	TRUE	FALSE	-100	-1	0	0	0	31	60	TRUE	113111	0.0662565067429096	0.748570771953091	3561	380	7191	24740000	1
20220928 173349	binary	custom	TRUE	TRUE	FALSE	-100	-1	0	0	0	31	91	TRUE	113111	0.0797260805846891	0.563046936141327	1694	594	12521	25360000	2
20220928 173441	binary	custom	TRUE	TRUE	FALSE	-100	-1	0	0	0	31	198	TRUE	113111	0.0493052828044747	0.716753646237776	2857	475	10151	26500000	3
20220928 173521	binary	custom	TRUE	TRUE	FALSE	-100	-1	0	0	0	31	110	TRUE	113111	0.07450923401193	0.4669508731924	4354	868	9569	25990000	4
20220928 173637	binary	custom	TRUE	TRUE	FALSE	-100	-1	0	0	0	31	125	TRUE	113111	0.0431875022254535	0.552500986317173	556	91	9409	27030000	5
20220928 173723	binary	custom	TRUE	TRUE	FALSE	-100	-1	0	0	0	31	294	TRUE	113111	0.0926369228311232	0.279239330431446	4483	345	11565	25430000	6
20220928 173830	binary	custom	TRUE	TRUE	FALSE	-100	-1	0	0	0	31	312	TRUE	113111	0.058632468387601	0.328263769811019	6057	720	14558	23450000	7
20220928 173904	binary	custom	TRUE	TRUE	FALSE	-100	-1	0	0	0	31	216	TRUE	113111	0.0670828380027087	0.915664927689359	5632	449	10722	26160000	8
20220928 173936	binary	custom	TRUE	TRUE	FALSE	-100	-1	0	0	0	31	74	TRUE	113111	0.0406157565700705	0.923076413860545	3698	970	7685	25270000	9
20220928 174307	binary	custom	TRUE	TRUE	FALSE	-100	-1	0	0	0	31	1256	TRUE	113111	0.0185845043234294	0.217678485838696	5316	816	8464	26200000	10
20220928 174357	binary	custom	TRUE	TRUE	FALSE	-100	-1	0	0	0	31	202	TRUE	113111	0.0373490355857648	0.864378021601587	2595	247	13377	24850000	11
20220928 174415	binary	custom	TRUE	TRUE	FALSE	-100	-1	0	0	0	31	62	TRUE	113111	0.0831792904452886	0.659926662007347	7696	878	6723	25440000	12
20220928 174527	binary	custom	TRUE	TRUE	FALSE	-100	-1	0	0	0	31	227	TRUE	113111	0.0231656460087397	0.364091187957674	6737	50	5355	24090000	13
20220928 174839	binary	custom	TRUE	TRUE	FALSE	-100	-1	0	0	0	31	331	TRUE	113111	0.0106687197298161	0.425025408994406	944	120	11366	26230000	14
20220928 174904	binary	custom	TRUE	TRUE	FALSE	-100	-1	0	0	0	31	79	TRUE	113111	0.0965336022982374	0.78717457649298	1226	651	8635	25850000	15
20220928 175042	binary	custom	TRUE	TRUE	FALSE	-100	-1	0	0	0	31	754	TRUE	113111	0.0330872684017522	0.614378712987527	7334	277	12381	25720000	16
20220928 175208	binary	custom	TRUE	TRUE	FALSE	-100	-1	0	0	0	31	569	TRUE	113111	0.0285096378934104	0.99770054304041	4888	1017	14278	24170000	17
20220928 175437	binary	custom	TRUE	TRUE	FALSE	-100	-1	0	0	0	31	319	TRUE	113111	0.00969509577075951	0.800091585712507	2133	570	6472	25380000	18
20220928 175503	binary	custom	TRUE	TRUE	FALSE	-100	-1	0	0	0	31	80	TRUE	113111	0.087736180940934	0.494952005958185	6897	204	5826	24110000	19
20220928 175623	binary	custom	TRUE	TRUE	FALSE	-100	-1	0	0	0	31	93	TRUE	113111	0.0526685477552237	0.314664870295674	127	771	13515	23610000	20
20220928 180112	binary	custom	TRUE	TRUE	FALSE	-100	-1	0	0	0	31	397	TRUE	113111	0.00500705174505489	0.585338106795883	43	46	9622	27080000	21
20220928 181106	binary	custom	TRUE	TRUE	FALSE	-100	-1	0	0	0	31	1968	TRUE	113111	0.00500175802591308	0.282207044118746	225	159	9371	26620000	22
20220928 181142	binary	custom	TRUE	TRUE	FALSE	-100	-1	0	0	0	31	80	TRUE	113111	0.033655553680785	0.780473391958236	263	16	9692	25980000	23
20220928 182008	binary	custom	TRUE	TRUE	FALSE	-100	-1	0	0	0	31	1199	TRUE	113111	0.00514331186549314	0.530798533983137	938	249	9377	26610000	24
20220928 182045	binary	custom	TRUE	TRUE	FALSE	-100	-1	0	0	0	31	53	TRUE	113111	0.0392455749946343	0.565474380601838	420	37	10140	26280000	25
20220928 182417	binary	custom	TRUE	TRUE	FALSE	-100	-1	0	0	0	31	286	TRUE	113111	0.00875921158401082	0.523945624999588	924	75	9372	26620000	26
20220928 182508	binary	custom	TRUE	TRUE	FALSE	-100	-1	0	0	0	31	97	TRUE	113111	0.0491415915384956	0.358327804952171	898	177	9396	26970000	27
20220928 182616	binary	custom	TRUE	TRUE	FALSE	-100	-1	0	0	0	31	337	TRUE	113111	0.0450385146423294	0.560600704564999	4530	161	9381	26040000	28
20220928 182656	binary	custom	TRUE	TRUE	FALSE	-100	-1	0	0	0	31	153	TRUE	113111	0.0504143024620496	0.653240487054763	2	84	9276	25290000	29
20220928 182745	binary	custom	TRUE	TRUE	FALSE	-100	-1	0	0	0	31	85	TRUE	113111	0.0438434898092116	0.463417910602576	1200	121	8582	26040000	30
20220928 182837	binary	custom	TRUE	TRUE	FALSE	-100	-1	0	0	0	31	90	TRUE	113111	0.0424200077866697	0.403495151850208	876	448	9531	26700000	31
20220928 182923	binary	custom	TRUE	TRUE	FALSE	-100	-1	0	0	0	31	126	TRUE	113111	0.0396304667254813	0.324702863475766	3002	322	9441	26560000	32
20220928 183015	binary	custom	TRUE	TRUE	FALSE	-100	-1	0	0	0	31	83	TRUE	113111	0.0422363877152035	0.348476822267432	563	154	9520	26800000	33
20220928 183045	binary	custom	TRUE	TRUE	FALSE	-100	-1	0	0	0	31	33	TRUE	113111	0.0810201991598746	0.347654854956178	497	525	9031	26100000	34
20220928 183705	binary	custom	TRUE	TRUE	FALSE	-100	-1	0	0	0	31	680	TRUE	113111	0.00507952274185454	0.577729208011704	6	120	8278	27050000	35
20220928 183827	binary	custom	TRUE	TRUE	FALSE	-100	-1	0	0	0	31	210	TRUE	113111	0.0420848962855017	0.544222374964303	18	161	8669	26270000	36
20220928 184019	binary	custom	TRUE	TRUE	FALSE	-100	-1	0	0	0	31	308	TRUE	113111	0.0243442123476985	0.573275701849768	364	116	9403	26320000	37
20220928 184640	binary	custom	TRUE	TRUE	FALSE	-100	-1	0	0	0	31	553	TRUE	113111	0.00500541482964308	0.643719370989261	401	133	9190	26740000	38
20220928 185638	binary	custom	TRUE	TRUE	FALSE	-100	-1	0	0	0	31	1606	TRUE	113111	0.00611884236526145	0.768565603869844	1	251	10276	26170000	39
20220928 185738	binary	custom	TRUE	TRUE	FALSE	-100	-1	0	0	0	31	88	TRUE	113111	0.0429094783590169	0.494548075793023	540	120	11495	25970000	40
20220928 185823	binary	custom	TRUE	TRUE	FALSE	-100	-1	0	0	0	31	208	TRUE	113111	0.0512928806392314	0.227106086036964	2977	608	9951	26340000	41
20220928 190142	binary	custom	TRUE	TRUE	FALSE	-100	-1	0	0	0	31	944	TRUE	113111	0.0122545955610964	0.289349628687984	3508	508	9766	26150000	42
20220928 190231	binary	custom	TRUE	TRUE	FALSE	-100	-1	0	0	0	31	43	TRUE	113111	0.0464331219556992	0.515389202756528	677	242	9153	26420000	43
20220928 190733	binary	custom	TRUE	TRUE	FALSE	-100	-1	0	0	0	31	321	TRUE	113111	0.00501311246494655	0.48671537365512	62	59	8585	26990000	44
20220928 190820	binary	custom	TRUE	TRUE	FALSE	-100	-1	0	0	0	31	109	TRUE	113111	0.0476553555791655	0.31533818806713	1863	89	9504	26600000	45
20220928 191459	binary	custom	TRUE	TRUE	FALSE	-100	-1	0	0	0	31	1457	TRUE	113111	0.0050074725036759	0.921187197520676	50	87	8345	26750000	46
20220928 192045	binary	custom	TRUE	TRUE	FALSE	-100	-1	0	0	0	31	1064	TRUE	113111	0.00502747595764402	0.276039158211251	5	26	9272	27300000	47
20220928 192619	binary	custom	TRUE	TRUE	FALSE	-100	-1	0	0	0	31	988	TRUE	113111	0.00503411244868971	0.360776066027459	2013	16	9330	26780000	48
20220928 193440	binary	custom	TRUE	TRUE	FALSE	-100	-1	0	0	0	31	1436	TRUE	113111	0.00523342698527852	0.233161142698656	5	209	8330	26700000	49
20220928 193534	binary	custom	TRUE	TRUE	FALSE	-100	-1	0	0	0	31	131	TRUE	113111	0.0486211798003761	0.2492494611067	1092	194	9944	26440000	50
20220928 194118	binary	custom	TRUE	TRUE	FALSE	-100	-1	0	0	0	31	864	TRUE	113111	0.00501251012486587	0.22249133323619	39	50	9191	27380000	51
20220928 194644	binary	custom	TRUE	TRUE	FALSE	-100	-1	0	0	0	31	1075	TRUE	113111	0.00500211579880421	0.211000026579444	34	52	9427	27070000	52
20220928 195208	binary	custom	TRUE	TRUE	FALSE	-100	-1	0	0	0	31	740	TRUE	113111	0.00504941864639144	0.423233115840054	1	42	9116	27130000	53
20220928 195754	binary	custom	TRUE	TRUE	FALSE	-100	-1	0	0	0	31	1327	TRUE	113111	0.00500534811114454	0.200500566416479	4	37	8910	26980000	54
20220928 200435	binary	custom	TRUE	TRUE	FALSE	-100	-1	0	0	0	31	1393	TRUE	113111	0.00504297676173836	0.260459648522117	58	71	9164	26880000	55
20220928 200836	binary	custom	TRUE	TRUE	FALSE	-100	-1	0	0	0	31	649	TRUE	113111	0.00504763877507652	0.687690733915286	455	34	9226	27150000	56
20220928 201203	binary	custom	TRUE	TRUE	FALSE	-100	-1	0	0	0	31	232	TRUE	113111	0.00990336738528785	0.647095106788421	277	182	8427	26270000	57
20220928 201742	binary	custom	TRUE	TRUE	FALSE	-100	-1	0	0	0	31	1142	TRUE	113111	0.00510219079391278	0.218797906916096	493	51	8066	26750000	58
20220928 201822	binary	custom	TRUE	TRUE	FALSE	-100	-1	0	0	0	31	147	TRUE	113111	0.0494754894963807	0.249458148123752	2628	397	9521	25840000	59
20220928 202347	binary	custom	TRUE	TRUE	FALSE	-100	-1	0	0	0	31	994	TRUE	113111	0.00508284657460952	0.645851898105539	1854	52	8208	26310000	60
20220928 202442	binary	custom	TRUE	TRUE	FALSE	-100	-1	0	0	0	31	133	TRUE	113111	0.0387999554279184	0.395093553380815	3077	502	9933	26300000	61
20220928 202802	binary	custom	TRUE	TRUE	FALSE	-100	-1	0	0	0	31	975	TRUE	113111	0.0100131710209647	0.692706190080746	2699	37	10297	26210000	62
20220928 202904	binary	custom	TRUE	TRUE	FALSE	-100	-1	0	0	0	31	103	TRUE	113111	0.03380698972426	0.595149420105759	838	378	9389	26270000	63
20220928 203047	binary	custom	TRUE	TRUE	FALSE	-100	-1	0	0	0	31	314	TRUE	113111	0.0460950193255227	0.86193108809241	439	549	9645	26550000	64
20220928 203256	binary	custom	TRUE	TRUE	FALSE	-100	-1	0	0	0	31	303	TRUE	113111	0.0443263304010584	0.477350770015423	1	489	10545	23790000	65
20220928 203328	binary	custom	TRUE	TRUE	FALSE	-100	-1	0	0	0	31	72	TRUE	113111	0.0422194249238974	0.976866697224099	3334	475	9311	25700000	66
20220928 203417	binary	custom	TRUE	TRUE	FALSE	-100	-1	0	0	0	31	314	TRUE	113111	0.053369469122295	0.714826988453957	3924	541	9808	25910000	67
20220928 203510	binary	custom	TRUE	TRUE	FALSE	-100	-1	0	0	0	31	136	TRUE	113111	0.0397839050121012	0.292201145355477	2435	76	9413	26140000	68
20220928 204317	binary	custom	TRUE	TRUE	FALSE	-100	-1	0	0	0	31	1033	TRUE	113111	0.0050169561152139	0.424305849872426	110	160	8190	26980000	69
20220928 204538	binary	custom	TRUE	TRUE	FALSE	-100	-1	0	0	0	31	536	TRUE	113111	0.00763478403514855	0.868437854997616	124	19	9758	26170000	70
20220928 204631	binary	custom	TRUE	TRUE	FALSE	-100	-1	0	0	0	31	119	TRUE	113111	0.037996179985836	0.29724740861355	2091	450	9086	26630000	71
20220928 204723	binary	custom	TRUE	TRUE	FALSE	-100	-1	0	0	0	31	132	TRUE	113111	0.0411318570054613	0.358539310504878	2077	587	9301	26600000	72
20220928 204832	binary	custom	TRUE	TRUE	FALSE	-100	-1	0	0	0	31	204	TRUE	113111	0.0292861910239617	0.389809200195739	3764	448	9495	26290000	73
20220928 205143	binary	custom	TRUE	TRUE	FALSE	-100	-1	0	0	0	31	397	TRUE	113111	0.0114120336470514	0.2671587283515	642	300	9284	26480000	74
20220928 205242	binary	custom	TRUE	TRUE	FALSE	-100	-1	0	0	0	31	212	TRUE	113111	0.0427076544903596	0.528270582668404	2786	463	9196	25850000	75
20220928 210025	binary	custom	TRUE	TRUE	FALSE	-100	-1	0	0	0	31	2333	TRUE	113111	0.00509269365208405	0.77149721147277	1228	45	8887	26470000	76
20220928 210233	binary	custom	TRUE	TRUE	FALSE	-100	-1	0	0	0	31	378	TRUE	113111	0.0140534897882476	0.226138128216473	292	20	9230	27540000	77
20220928 210510	binary	custom	TRUE	TRUE	FALSE	-100	-1	0	0	0	31	163	TRUE	113111	0.0168853880275591	0.340317646113175	112	405	8411	26300000	78
20220928 210846	binary	custom	TRUE	TRUE	FALSE	-100	-1	0	0	0	31	785	TRUE	113111	0.00703395060861257	0.225030724787878	2156	18	9218	26690000	79
20220928 211042	binary	custom	TRUE	TRUE	FALSE	-100	-1	0	0	0	31	625	TRUE	113111	0.0197508756593517	0.364702468389916	386	16	9205	26870000	80
20220928 211553	binary	custom	TRUE	TRUE	FALSE	-100	-1	0	0	0	31	675	TRUE	113111	0.00507556952374023	0.523787432061092	289	27	7825	26510000	81
20220928 211628	binary	custom	TRUE	TRUE	FALSE	-100	-1	0	0	0	31	88	TRUE	113111	0.0442099194205789	0.819220778979236	2322	552	10515	25530000	82
20220928 212854	binary	custom	TRUE	TRUE	FALSE	-100	-1	0	0	0	31	1467	TRUE	113111	0.00519722814934496	0.702838426880112	268	378	9587	26590000	83
20220928 213250	binary	custom	TRUE	TRUE	FALSE	-100	-1	0	0	0	31	630	TRUE	113111	0.0241125037569936	0.215772960810762	0	632	9144	24760000	84
20220928 213929	binary	custom	TRUE	TRUE	FALSE	-100	-1	0	0	0	31	751	TRUE	113111	0.0050153273511328	0.378963439718372	911	234	8895	27090000	85
20220928 214816	binary	custom	TRUE	TRUE	FALSE	-100	-1	0	0	0	31	756	TRUE	113111	0.00626074296449656	0.889569963017469	36	355	8839	25610000	86
20220928 214907	binary	custom	TRUE	TRUE	FALSE	-100	-1	0	0	0	31	249	TRUE	113111	0.0508287668085737	0.307296356981559	5439	787	9869	26510000	87
20220928 215005	binary	custom	TRUE	TRUE	FALSE	-100	-1	0	0	0	31	269	TRUE	113111	0.0771504556233118	0.864811092929431	1023	417	9875	26170000	88
20220928 215051	binary	custom	TRUE	TRUE	FALSE	-100	-1	0	0	0	31	181	TRUE	113111	0.0539444157484153	0.311451031562657	5959	662	8674	25780000	89
20220928 215123	binary	custom	TRUE	TRUE	FALSE	-100	-1	0	0	0	31	95	TRUE	113111	0.0565542028352305	0.42353489398959	355	18	9561	26480000	90
20220928 215813	binary	custom	TRUE	TRUE	FALSE	-100	-1	0	0	0	31	901	TRUE	113111	0.0050241739828815	0.438830240334502	2415	293	8470	26580000	91
20220928 215911	binary	custom	TRUE	TRUE	FALSE	-100	-1	0	0	0	31	100	TRUE	113111	0.0490177375239526	0.326701906839163	21	285	9086	25350000	92
20220928 215956	binary	custom	TRUE	TRUE	FALSE	-100	-1	0	0	0	31	69	TRUE	113111	0.0490119460664471	0.467075532191262	1004	168	9749	25790000	93
20220928 220156	binary	custom	TRUE	TRUE	FALSE	-100	-1	0	0	0	31	316	TRUE	113111	0.0155292239957538	0.361497511538102	2483	222	9386	26510000	94
20220928 221629	binary	custom	TRUE	TRUE	FALSE	-100	-1	0	0	0	31	2973	TRUE	113111	0.00503217004080877	0.45631338557899	4	208	8735	26770000	95
20220928 222101	binary	custom	TRUE	TRUE	FALSE	-100	-1	0	0	0	31	730	TRUE	113111	0.00544666372868225	0.579663987410444	947	18	9080	26640000	96
20220928 222745	binary	custom	TRUE	TRUE	FALSE	-100	-1	0	0	0	31	1785	TRUE	113111	0.00512123092283449	0.373105424652845	30	30	8404	26960000	97
20220928 223413	binary	custom	TRUE	TRUE	FALSE	-100	-1	0	0	0	31	840	TRUE	113111	0.00507458456398785	0.351841123155069	1222	226	7998	26650000	98
20220928 223508	binary	custom	TRUE	TRUE	FALSE	-100	-1	0	0	0	31	62	TRUE	113111	0.0387770272721937	0.770104619011661	648	434	9651	26380000	99
20220928 223543	binary	custom	TRUE	TRUE	FALSE	-100	-1	0	0	0	31	113	TRUE	113111	0.0583976452769791	0.329109867921477	3424	552	9591	25700000	100
20220928 224334	binary	custom	TRUE	TRUE	FALSE	-100	-1	0	0	0	31	1035	TRUE	113111	0.00508413495040915	0.39860331397944	788	338	9318	26810000	101
20220928 224446	binary	custom	TRUE	TRUE	FALSE	-100	-1	0	0	0	31	342	TRUE	113111	0.0375915026360426	0.278175282045157	6630	620	10050	26220000	102
20220928 225056	binary	custom	TRUE	TRUE	FALSE	-100	-1	0	0	0	31	1675	TRUE	113111	0.00537385559382704	0.398241596586617	9	17	9855	26850000	103
20220928 225315	binary	custom	TRUE	TRUE	FALSE	-100	-1	0	0	0	31	554	TRUE	113111	0.0117793675245418	0.228730441209151	9	28	9231	27060000	104
20220928 225520	binary	custom	TRUE	TRUE	FALSE	-100	-1	0	0	0	31	316	TRUE	113111	0.0148758906684305	0.408710955194464	668	49	9253	27340000	105
20220928 225702	binary	custom	TRUE	TRUE	FALSE	-100	-1	0	0	0	31	283	TRUE	113111	0.0155539552422765	0.202406159940882	784	32	9246	26550000	106
20220928 225858	binary	custom	TRUE	TRUE	FALSE	-100	-1	0	0	0	31	289	TRUE	113111	0.0138737228915342	0.482318520599552	264	17	9263	26680000	107
20220928 230054	binary	custom	TRUE	TRUE	FALSE	-100	-1	0	0	0	31	270	TRUE	113111	0.0139962835183989	0.316275770933988	545	27	9217	26610000	108
20220928 230321	binary	custom	TRUE	TRUE	FALSE	-100	-1	0	0	0	31	317	TRUE	113111	0.0146127455544868	0.416151112435432	96	108	8763	26800000	109
20220928 230450	binary	custom	TRUE	TRUE	FALSE	-100	-1	0	0	0	31	123	TRUE	113111	0.0172025667962625	0.416870818975169	164	50	9588	26830000	110
20220928 230645	binary	custom	TRUE	TRUE	FALSE	-100	-1	0	0	0	31	308	TRUE	113111	0.0151509482746764	0.4066846298992	3108	21	9077	26090000	111
20220928 231132	binary	custom	TRUE	TRUE	FALSE	-100	-1	0	0	0	31	474	TRUE	113111	0.00767171894173044	0.402040810100967	273	140	9298	26610000	112
20220928 231228	binary	custom	TRUE	TRUE	FALSE	-100	-1	0	0	0	31	149	TRUE	113111	0.0389902238393817	0.395945418118804	1811	407	9165	27110000	113
20220928 231318	binary	custom	TRUE	TRUE	FALSE	-100	-1	0	0	0	31	150	TRUE	113111	0.0411161559093531	0.364817116266167	3248	428	9306	26510000	114
20220928 231427	binary	custom	TRUE	TRUE	FALSE	-100	-1	0	0	0	31	88	TRUE	113111	0.0362136997312018	0.397319305556098	487	366	9475	26810000	115
20220928 231527	binary	custom	TRUE	TRUE	FALSE	-100	-1	0	0	0	31	138	TRUE	113111	0.0368053233647717	0.406821509328973	1419	470	8963	26240000	116
20220928 231623	binary	custom	TRUE	TRUE	FALSE	-100	-1	0	0	0	31	114	TRUE	113111	0.0403751236055139	0.420356436327069	960	331	9313	26740000	117
20220928 232635	binary	custom	TRUE	TRUE	FALSE	-100	-1	0	0	0	31	1331	TRUE	113111	0.00503345725913913	0.314956392306129	111	292	8960	26320000	118
20220928 233318	binary	custom	TRUE	TRUE	FALSE	-100	-1	0	0	0	31	1193	TRUE	113111	0.00508912481441087	0.388913429791875	2523	241	9684	26800000	119
20220928 233705	binary	custom	TRUE	TRUE	FALSE	-100	-1	0	0	0	31	484	TRUE	113111	0.0117643822545969	0.410718967296497	626	267	9268	26830000	120
20220928 233749	binary	custom	TRUE	TRUE	FALSE	-100	-1	0	0	0	31	81	TRUE	113111	0.0537438556420488	0.351468342032367	1186	130	9493	26540000	121
20220928 234459	binary	custom	TRUE	TRUE	FALSE	-100	-1	0	0	0	31	992	TRUE	113111	0.00501202729272157	0.524581489994016	1542	164	8210	26380000	122
20220928 234737	binary	custom	TRUE	TRUE	FALSE	-100	-1	0	0	0	31	359	TRUE	113111	0.0136112265522386	0.38026231663482	1179	367	9577	26850000	123
20220928 235032	binary	custom	TRUE	TRUE	FALSE	-100	-1	0	0	0	31	378	TRUE	113111	0.0100288994689636	0.386126482012977	3126	356	9029	26670000	124
20220928 235213	binary	custom	TRUE	TRUE	FALSE	-100	-1	0	0	0	31	185	TRUE	113111	0.0199512579233403	0.399355380032724	1294	329	9232	26820000	125
20220928 235310	binary	custom	TRUE	TRUE	FALSE	-100	-1	0	0	0	31	154	TRUE	113111	0.038017401219675	0.383972780117614	1410	222	9278	26650000	126
20220928 235548	binary	custom	TRUE	TRUE	FALSE	-100	-1	0	0	0	31	372	TRUE	113111	0.0149524457795748	0.480626326630171	1161	353	9287	26790000	127
20220929 000041	binary	custom	TRUE	TRUE	FALSE	-100	-1	0	0	0	31	993	TRUE	113111	0.00869230583240147	0.457100709940249	1805	342	9956	26890000	128
20220929 000828	binary	custom	TRUE	TRUE	FALSE	-100	-1	0	0	0	31	953	TRUE	113111	0.00905984759579588	0.580157857669424	20	342	9710	26180000	129
20220929 001112	binary	custom	TRUE	TRUE	FALSE	-100	-1	0	0	0	31	595	TRUE	113111	0.0156066256195929	0.429427584471236	2421	321	10015	26130000	130
20220929 001545	binary	custom	TRUE	TRUE	FALSE	-100	-1	0	0	0	31	741	TRUE	113111	0.00914361945522716	0.455218963222986	1319	417	9355	26810000	131
20220929 001739	binary	custom	TRUE	TRUE	FALSE	-100	-1	0	0	0	31	360	TRUE	113111	0.0233559090389664	0.406051385758874	428	80	9194	26900000	132
20220929 002038	binary	custom	TRUE	TRUE	FALSE	-100	-1	0	0	0	31	244	TRUE	113111	0.00655995453774683	0.681969041154392	24	63	9687	26310000	133
20220929 002230	binary	custom	TRUE	TRUE	FALSE	-100	-1	0	0	0	31	212	TRUE	113111	0.0243037316347373	0.376485848567459	202	218	9157	26410000	134
20220929 002316	binary	custom	TRUE	TRUE	FALSE	-100	-1	0	0	0	31	81	TRUE	113111	0.0464041700934579	0.3881233734772	160	63	9382	26440000	135
20220929 002414	binary	custom	TRUE	TRUE	FALSE	-100	-1	0	0	0	31	156	TRUE	113111	0.0380835179563813	0.342175111580568	1219	408	9717	27370000	136
20220929 002531	binary	custom	TRUE	TRUE	FALSE	-100	-1	0	0	0	31	111	TRUE	113111	0.0393531909552424	0.365671489633962	665	396	9490	27580000	137
20220929 003205	binary	custom	TRUE	TRUE	FALSE	-100	-1	0	0	0	31	1157	TRUE	113111	0.00506618777525819	0.481024758188985	3922	370	9667	26190000	138
20220929 003329	binary	custom	TRUE	TRUE	FALSE	-100	-1	0	0	0	31	140	TRUE	113111	0.0392211553985974	0.362826119810969	327	415	9539	26770000	139
20220929 003427	binary	custom	TRUE	TRUE	FALSE	-100	-1	0	0	0	31	136	TRUE	113111	0.0396334056267389	0.365789316979352	1530	376	9576	27010000	140
20220929 003649	binary	custom	TRUE	TRUE	FALSE	-100	-1	0	0	0	31	363	TRUE	113111	0.0176746201481756	0.398908374252952	938	397	9831	26740000	141
20220929 004136	binary	custom	TRUE	TRUE	FALSE	-100	-1	0	0	0	31	646	TRUE	113111	0.00615283629090453	0.365780929715668	651	55	8806	26870000	142
20220929 004328	binary	custom	TRUE	TRUE	FALSE	-100	-1	0	0	0	31	130	TRUE	113111	0.0147917730564156	0.43701462510675	17	92	9497	26370000	143
20220929 004747	binary	custom	TRUE	TRUE	FALSE	-100	-1	0	0	0	31	779	TRUE	113111	0.00505167385191697	0.223047640001507	7	16	9278	27210000	144
20220929 004846	binary	custom	TRUE	TRUE	FALSE	-100	-1	0	0	0	31	110	TRUE	113111	0.0375849178841035	0.330168062226448	1155	392	9343	26760000	145
20220929 004904	binary	custom	TRUE	TRUE	FALSE	-100	-1	0	0	0	31	47	TRUE	113111	0.0822437882934301	0.788125951370597	4137	169	8321	25040000	146
20220929 005008	binary	custom	TRUE	TRUE	FALSE	-100	-1	0	0	0	31	372	TRUE	113111	0.0393451985023435	0.655843527461446	3663	376	9424	25960000	147
20220929 005051	binary	custom	TRUE	TRUE	FALSE	-100	-1	0	0	0	31	144	TRUE	113111	0.0380733897694114	0.685961729628925	3732	409	9540	26280000	148
20220929 005233	binary	custom	TRUE	TRUE	FALSE	-100	-1	0	0	0	31	405	TRUE	113111	0.0148933510083688	0.860724188829735	3917	136	9138	26050000	149
20220929 005542	binary	custom	TRUE	TRUE	FALSE	-100	-1	0	0	0	31	1201	TRUE	113111	0.0140635867305263	0.8194796943876	3188	127	9250	26140000	150
20220929 005750	binary	custom	TRUE	TRUE	FALSE	-100	-1	0	0	0	31	402	TRUE	113111	0.0117720517295848	0.690017751617888	3067	139	9277	25930000	151
20220929 010046	binary	custom	TRUE	TRUE	FALSE	-100	-1	0	0	0	31	742	TRUE	113111	0.00871929678835694	0.676253768570224	4168	239	9711	26420000	152
20220929 010250	binary	custom	TRUE	TRUE	FALSE	-100	-1	0	0	0	31	331	TRUE	113111	0.0393655807204277	0.255007060613023	119	420	9618	25250000	153
20220929 010339	binary	custom	TRUE	TRUE	FALSE	-100	-1	0	0	0	31	98	TRUE	113111	0.0393537357085079	0.384802856274839	1755	385	9200	26880000	154
20220929 010538	binary	custom	TRUE	TRUE	FALSE	-100	-1	0	0	0	31	358	TRUE	113111	0.0141144785787777	0.224226207093691	1770	41	9157	26890000	155
20220929 010706	binary	custom	TRUE	TRUE	FALSE	-100	-1	0	0	0	31	134	TRUE	113111	0.035280022620491	0.368673544388831	339	400	9257	26690000	156
20220929 010745	binary	custom	TRUE	TRUE	FALSE	-100	-1	0	0	0	31	97	TRUE	113111	0.0505020160317008	0.339064390863278	2071	371	9793	26180000	157
20220929 010842	binary	custom	TRUE	TRUE	FALSE	-100	-1	0	0	0	31	159	TRUE	113111	0.041940131060496	0.372147379945573	1340	398	9412	26860000	158
20220929 011043	binary	custom	TRUE	TRUE	FALSE	-100	-1	0	0	0	31	324	TRUE	113111	0.01480252768707	0.386408531219775	1666	36	8924	26880000	159
20220929 011709	binary	custom	TRUE	TRUE	FALSE	-100	-1	0	0	0	31	850	TRUE	113111	0.00512502061920019	0.400952812965404	1389	127	8861	26440000	160
20220929 011820	binary	custom	TRUE	TRUE	FALSE	-100	-1	0	0	0	31	162	TRUE	113111	0.0394279888026131	0.339304574903402	752	370	9524	27440000	161
20220929 011933	binary	custom	TRUE	TRUE	FALSE	-100	-1	0	0	0	31	144	TRUE	113111	0.0393647445680136	0.344939602179551	413	347	9473	26740000	162
20220929 012005	binary	custom	TRUE	TRUE	FALSE	-100	-1	0	0	0	31	114	TRUE	113111	0.0867781215256348	0.273996802387759	1559	691	6117	24650000	163
20220929 012035	binary	custom	TRUE	TRUE	FALSE	-100	-1	0	0	0	31	154	TRUE	113111	0.0599340372699779	0.879192877474614	5148	986	10119	26170000	164
20220929 012320	binary	custom	TRUE	TRUE	FALSE	-100	-1	0	0	0	31	523	TRUE	113111	0.0144788828701095	0.610177745458484	1234	993	13967	24150000	165
20220929 012429	binary	custom	TRUE	TRUE	FALSE	-100	-1	0	0	0	31	239	TRUE	113111	0.0315020533252493	0.338300335240596	2688	387	9489	26630000	166
20220929 012820	binary	custom	TRUE	TRUE	FALSE	-100	-1	0	0	0	31	515	TRUE	113111	0.0080167784141895	0.378358382031511	1791	80	9221	26600000	167
20220929 012934	binary	custom	TRUE	TRUE	FALSE	-100	-1	0	0	0	31	294	TRUE	113111	0.0391986164675587	0.338435262213624	2052	449	9861	26760000	168
20220929 013321	binary	custom	TRUE	TRUE	FALSE	-100	-1	0	0	0	31	739	TRUE	113111	0.00799330528611139	0.271143899472403	2642	48	9277	26730000	169
20220929 013406	binary	custom	TRUE	TRUE	FALSE	-100	-1	0	0	0	31	65	TRUE	113111	0.0471964745899304	0.365627080173981	755	388	9474	26500000	170
20220929 013611	binary	custom	TRUE	TRUE	FALSE	-100	-1	0	0	0	31	211	TRUE	113111	0.0154474134192622	0.407985055297158	573	94	9620	27160000	171
20220929 013629	binary	custom	TRUE	TRUE	FALSE	-100	-1	0	0	0	31	66	TRUE	113111	0.0780820051961369	0.864198611540161	7255	521	14423	23160000	172
20220929 013730	binary	custom	TRUE	TRUE	FALSE	-100	-1	0	0	0	31	193	TRUE	113111	0.03832354909806	0.3374094624985	1351	368	10104	27240000	173
20220929 013826	binary	custom	TRUE	TRUE	FALSE	-100	-1	0	0	0	31	99	TRUE	113111	0.0405339254637167	0.36639123690393	728	169	9240	27360000	174
20220929 013916	binary	custom	TRUE	TRUE	FALSE	-100	-1	0	0	0	31	90	TRUE	113111	0.0441422625433148	0.364063647371849	935	97	9315	27130000	175
20220929 014241	binary	custom	TRUE	TRUE	FALSE	-100	-1	0	0	0	31	517	TRUE	113111	0.00898092109142597	0.411046672246183	555	54	9413	26780000	176
20220929 014539	binary	custom	TRUE	TRUE	FALSE	-100	-1	0	0	0	31	361	TRUE	113111	0.0142403768149731	0.391420088662498	587	246	9315	27450000	177
20220929 014751	binary	custom	TRUE	TRUE	FALSE	-100	-1	0	0	0	31	211	TRUE	113111	0.0159085296575265	0.392371551019869	457	134	9326	26950000	178
20220929 015112	binary	custom	TRUE	TRUE	FALSE	-100	-1	0	0	0	31	297	TRUE	113111	0.0121587321320718	0.386725623768145	472	262	8947	26590000	179
20220929 015334	binary	custom	TRUE	TRUE	FALSE	-100	-1	0	0	0	31	484	TRUE	113111	0.0160592241122094	0.393273212659452	2982	253	9645	26390000	180
20220929 015525	binary	custom	TRUE	TRUE	FALSE	-100	-1	0	0	0	31	284	TRUE	113111	0.0177475163622684	0.363181189672621	1756	102	9792	26500000	181
20220929 015618	binary	custom	TRUE	TRUE	FALSE	-100	-1	0	0	0	31	91	TRUE	113111	0.0419018247789513	0.365389461255004	755	185	8716	27130000	182
20220929 015852	binary	custom	TRUE	TRUE	FALSE	-100	-1	0	0	0	31	268	TRUE	113111	0.0143683495904359	0.399130912765807	710	218	9361	27040000	183
20220929 020510	binary	custom	TRUE	TRUE	FALSE	-100	-1	0	0	0	31	1057	TRUE	113111	0.00500527403325285	0.369789109307854	2416	252	9257	26690000	184
20220929 020604	binary	custom	TRUE	TRUE	FALSE	-100	-1	0	0	0	31	112	TRUE	113111	0.0400381019999489	0.365442240068229	1919	390	8514	26500000	185
20220929 021451	binary	custom	TRUE	TRUE	FALSE	-100	-1	0	0	0	31	1561	TRUE	113111	0.00534260467921851	0.585530162465107	280	133	9166	26630000	186
20220929 021844	binary	custom	TRUE	TRUE	FALSE	-100	-1	0	0	0	31	633	TRUE	113111	0.0106304336167449	0.463815524629877	1165	293	9122	26960000	187
20220929 022752	binary	custom	TRUE	TRUE	FALSE	-100	-1	0	0	0	31	1223	TRUE	113111	0.0050613396708903	0.428024991763615	357	180	9057	26450000	188
20220929 023058	binary	custom	TRUE	TRUE	FALSE	-100	-1	0	0	0	31	774	TRUE	113111	0.0146142877536487	0.398979255419628	455	57	9419	27250000	189
20220929 023231	binary	custom	TRUE	TRUE	FALSE	-100	-1	0	0	0	31	305	TRUE	113111	0.0172523755970478	0.239977528822904	781	17	9289	27030000	190
20220929 023822	binary	custom	TRUE	TRUE	FALSE	-100	-1	0	0	0	31	1064	TRUE	113111	0.00507620015915808	0.437588484391709	26	39	8249	27030000	191
20220929 024249	binary	custom	TRUE	TRUE	FALSE	-100	-1	0	0	0	31	697	TRUE	113111	0.00506047891748719	0.285227090465547	638	17	8686	27110000	192
20220929 024746	binary	custom	TRUE	TRUE	FALSE	-100	-1	0	0	0	31	669	TRUE	113111	0.0109432525546047	0.42064906045717	101	238	9376	26130000	193
20220929 024936	binary	custom	TRUE	TRUE	FALSE	-100	-1	0	0	0	31	203	TRUE	113111	0.0161598702184102	0.390098491024602	343	73	9035	26490000	194
20220929 025226	binary	custom	TRUE	TRUE	FALSE	-100	-1	0	0	0	31	298	TRUE	113111	0.0137109472748924	0.393938167899939	663	316	9381	26680000	195
20220929 025352	binary	custom	TRUE	TRUE	FALSE	-100	-1	0	0	0	31	318	TRUE	113111	0.0178988324805691	0.224531269579075	850	16	9556	26650000	196
20220929 025558	binary	custom	TRUE	TRUE	FALSE	-100	-1	0	0	0	31	371	TRUE	113111	0.0134920931544332	0.387664446513974	395	19	9725	26550000	197
20220929 030128	binary	custom	TRUE	TRUE	FALSE	-100	-1	0	0	0	31	750	TRUE	113111	0.00516724299489603	0.423893723130106	788	41	8268	27070000	198
20220929 030619	binary	custom	TRUE	TRUE	FALSE	-100	-1	0	0	0	31	508	TRUE	113111	0.00783033113652238	0.473172555471722	570	104	8861	2.7e+07	199
20220929 031047	binary	custom	TRUE	TRUE	FALSE	-100	-1	0	0	0	31	424	TRUE	113111	0.00930688883858699	0.485966095903146	612	167	8964	27040000	200
20220929 031244	binary	custom	TRUE	TRUE	FALSE	-100	-1	0	0	0	31	348	TRUE	113111	0.0144482514109265	0.367430509887683	2115	17	8560	26720000	201
20220929 031839	binary	custom	TRUE	TRUE	FALSE	-100	-1	0	0	0	31	1154	TRUE	113111	0.00860902333878853	0.476788339646952	1078	237	8448	26070000	202
20220929 032055	binary	custom	TRUE	TRUE	FALSE	-100	-1	0	0	0	31	696	TRUE	113111	0.0147083639961295	0.225732026352437	61	16	8752	27300000	203
20220929 032323	binary	custom	TRUE	TRUE	FALSE	-100	-1	0	0	0	31	275	TRUE	113111	0.014476273091625	0.383480845491548	844	223	9389	26990000	204
20220929 032846	binary	custom	TRUE	TRUE	FALSE	-100	-1	0	0	0	31	735	TRUE	113111	0.00704739526093743	0.487853656731586	1195	91	9348	26670000	205
20220929 033525	binary	custom	TRUE	TRUE	FALSE	-100	-1	0	0	0	31	1256	TRUE	113111	0.00586561901088511	0.454621386755047	808	56	8852	26780000	206
20220929 033803	binary	custom	TRUE	TRUE	FALSE	-100	-1	0	0	0	31	214	TRUE	113111	0.0122832578119235	0.489869059633086	646	93	8650	26380000	207
20220929 034135	binary	custom	TRUE	TRUE	FALSE	-100	-1	0	0	0	31	286	TRUE	113111	0.0108578037919869	0.467023643437542	517	172	9524	26320000	208
20220929 034646	binary	custom	TRUE	TRUE	FALSE	-100	-1	0	0	0	31	1020	TRUE	113111	0.00518368602299806	0.285026009677405	2015	17	9529	26710000	209
20220929 035025	binary	custom	TRUE	TRUE	FALSE	-100	-1	0	0	0	31	524	TRUE	113111	0.0157077024818762	0.418018748874736	46	248	9186	26430000	210
20220929 035824	binary	custom	TRUE	TRUE	FALSE	-100	-1	0	0	0	31	1630	TRUE	113111	0.00504261245050983	0.218602133929737	169	130	9021	26520000	211
20220929 040111	binary	custom	TRUE	TRUE	FALSE	-100	-1	0	0	0	31	612	TRUE	113111	0.00991688899185815	0.27877401058166	81	17	8945	27310000	212
20220929 040614	binary	custom	TRUE	TRUE	FALSE	-100	-1	0	0	0	31	931	TRUE	113111	0.00549508728472466	0.274779875559175	1712	28	8494	26940000	213
20220929 041027	binary	custom	TRUE	TRUE	FALSE	-100	-1	0	0	0	31	498	TRUE	113111	0.00636973190518435	0.278935701658206	410	65	8880	26560000	214
20220929 041543	binary	custom	TRUE	TRUE	FALSE	-100	-1	0	0	0	31	796	TRUE	113111	0.00897689892882945	0.400119277314981	131	154	8332	26940000	215
20220929 041630	binary	custom	TRUE	TRUE	FALSE	-100	-1	0	0	0	31	135	TRUE	113111	0.0448135331003401	0.365692029161664	3810	147	9154	26500000	216
20220929 041937	binary	custom	TRUE	TRUE	FALSE	-100	-1	0	0	0	31	789	TRUE	113111	0.0127971015429598	0.409136837722541	221	38	8136	26370000	217
20220929 042040	binary	custom	TRUE	TRUE	FALSE	-100	-1	0	0	0	31	153	TRUE	113111	0.034558166646497	0.366307731463628	1204	58	9255	26930000	218
20220929 042326	binary	custom	TRUE	TRUE	FALSE	-100	-1	0	0	0	31	451	TRUE	113111	0.0133530975094453	0.454609780709971	2593	328	9123	26400000	219
20220929 042909	binary	custom	TRUE	TRUE	FALSE	-100	-1	0	0	0	31	327	TRUE	113111	0.00776524701538373	0.486124257452472	8	308	9272	26500000	220
20220929 043519	binary	custom	TRUE	TRUE	FALSE	-100	-1	0	0	0	31	862	TRUE	113111	0.00500563379456876	0.379513657378241	2239	392	9293	26380000	221
20220929 044142	binary	custom	TRUE	TRUE	FALSE	-100	-1	0	0	0	31	822	TRUE	113111	0.00502899435665814	0.432482703900349	2209	76	8609	26470000	222
20220929 044933	binary	custom	TRUE	TRUE	FALSE	-100	-1	0	0	0	31	801	TRUE	113111	0.0050190304589995	0.395498819352681	621	243	8309	26750000	223
20220929 045035	binary	custom	TRUE	TRUE	FALSE	-100	-1	0	0	0	31	96	TRUE	113111	0.0394645749669357	0.3669376837634	791	120	8900	26600000	224
20220929 045128	binary	custom	TRUE	TRUE	FALSE	-100	-1	0	0	0	31	111	TRUE	113111	0.0406280475472537	0.291114816662113	1025	187	9266	27070000	225
20220929 045237	binary	custom	TRUE	TRUE	FALSE	-100	-1	0	0	0	31	179	TRUE	113111	0.0384670370888718	0.441013576461986	1032	400	9785	26430000	226
20220929 045418	binary	custom	TRUE	TRUE	FALSE	-100	-1	0	0	0	31	203	TRUE	113111	0.0205671494698986	0.365311167294168	1103	391	9376	26610000	227
20220929 045912	binary	custom	TRUE	TRUE	FALSE	-100	-1	0	0	0	31	485	TRUE	113111	0.00793161251939223	0.489234798779612	492	134	8458	26770000	228
20220929 050033	binary	custom	TRUE	TRUE	FALSE	-100	-1	0	0	0	31	258	TRUE	113111	0.0267255013595621	0.366264126466029	1866	35	9467	26430000	229
20220929 050426	binary	custom	TRUE	TRUE	FALSE	-100	-1	0	0	0	31	555	TRUE	113111	0.0140152501400617	0.326773826545518	111	249	9333	26220000	230
20220929 050519	binary	custom	TRUE	TRUE	FALSE	-100	-1	0	0	0	31	163	TRUE	113111	0.0405509177671924	0.302211591274557	2720	572	9188	26270000	231
20220929 050640	binary	custom	TRUE	TRUE	FALSE	-100	-1	0	0	0	31	174	TRUE	113111	0.0348825972650983	0.350719443558955	374	181	9177	26930000	232
20220929 050737	binary	custom	TRUE	TRUE	FALSE	-100	-1	0	0	0	31	94	TRUE	113111	0.0395175806828856	0.336470550295059	750	398	9860	26440000	233
20220929 050829	binary	custom	TRUE	TRUE	FALSE	-100	-1	0	0	0	31	145	TRUE	113111	0.0386638384682318	0.343226547571062	3820	402	9513	26180000	234
20220929 050928	binary	custom	TRUE	TRUE	FALSE	-100	-1	0	0	0	31	172	TRUE	113111	0.0410580250154523	0.417959161466211	1451	199	9281	26400000	235
20220929 051028	binary	custom	TRUE	TRUE	FALSE	-100	-1	0	0	0	31	204	TRUE	113111	0.0378870133435979	0.312721187294782	2456	456	10275	26170000	236
20220929 051306	binary	custom	TRUE	TRUE	FALSE	-100	-1	0	0	0	31	303	TRUE	113111	0.0142501770290263	0.41385130891573	914	315	9209	26870000	237
20220929 051425	binary	custom	TRUE	TRUE	FALSE	-100	-1	0	0	0	31	179	TRUE	113111	0.0407854688305569	0.338499526433066	330	167	8563	26800000	238
20220929 051549	binary	custom	TRUE	TRUE	FALSE	-100	-1	0	0	0	31	284	TRUE	113111	0.0313211885472829	0.444399599008177	3007	95	9679	26490000	239
20220929 051653	binary	custom	TRUE	TRUE	FALSE	-100	-1	0	0	0	31	143	TRUE	113111	0.0349343369647592	0.360749889466327	1147	295	9991	26660000	240
20220929 051753	binary	custom	TRUE	TRUE	FALSE	-100	-1	0	0	0	31	81	TRUE	113111	0.0358655175378707	0.340240968596646	642	616	10166	26390000	241
20220929 051840	binary	custom	TRUE	TRUE	FALSE	-100	-1	0	0	0	31	94	TRUE	113111	0.0400517143332133	0.354704903908206	2670	180	9157	26570000	242
20220929 052209	binary	custom	TRUE	TRUE	FALSE	-100	-1	0	0	0	31	555	TRUE	113111	0.0114717366878172	0.457476167925762	1324	388	9692	26540000	243
20220929 052324	binary	custom	TRUE	TRUE	FALSE	-100	-1	0	0	0	31	142	TRUE	113111	0.0331716673073775	0.4065932003177	736	245	9385	26910000	244
20220929 052756	binary	custom	TRUE	TRUE	FALSE	-100	-1	0	0	0	31	804	TRUE	113111	0.00761130700647611	0.263977249884659	1573	245	9227	26910000	245
20220929 052953	binary	custom	TRUE	TRUE	FALSE	-100	-1	0	0	0	31	267	TRUE	113111	0.0146320996023266	0.296806551724887	1109	43	9330	26780000	246
20220929 053057	binary	custom	TRUE	TRUE	FALSE	-100	-1	0	0	0	31	99	TRUE	113111	0.036127227273736	0.390913311305734	805	140	9687	26790000	247
20220929 053152	binary	custom	TRUE	TRUE	FALSE	-100	-1	0	0	0	31	85	TRUE	113111	0.0388508960447803	0.357108974567002	904	394	9453	27020000	248
20220929 053232	binary	custom	TRUE	TRUE	FALSE	-100	-1	0	0	0	31	108	TRUE	113111	0.0438297614852909	0.836400037190318	2948	230	6505	25390000	249
20220929 053251	binary	custom	TRUE	TRUE	FALSE	-100	-1	0	0	0	31	55	TRUE	113111	0.0834695581714762	0.985305536818504	4376	604	14063	23480000	250
20220929 053432	binary	custom	TRUE	TRUE	FALSE	-100	-1	0	0	0	31	664	TRUE	113111	0.0366434505583602	0.221239662929624	4252	317	11946	25470000	251
20220929 053521	binary	custom	TRUE	TRUE	FALSE	-100	-1	0	0	0	31	203	TRUE	113111	0.0391742389584635	0.989184360443987	2383	22	10040	26080000	252
20220929 053816	binary	custom	TRUE	TRUE	FALSE	-100	-1	0	0	0	31	283	TRUE	113111	0.0140048987637402	0.24724488954246	407	864	14911	23380000	253
20220929 053843	binary	custom	TRUE	TRUE	FALSE	-100	-1	0	0	0	31	153	TRUE	113111	0.0764150955295551	0.871685886769369	7331	248	5628	24350000	254
20220929 054208	binary	custom	TRUE	TRUE	FALSE	-100	-1	0	0	0	31	386	TRUE	113111	0.00972223816113911	0.407972907617043	631	82	8833	26900000	255
20220929 054532	binary	custom	TRUE	TRUE	FALSE	-100	-1	0	0	0	31	549	TRUE	113111	0.00969212790377798	0.247748459786229	1095	88	9093	26620000	256
20220929 054802	binary	custom	TRUE	TRUE	FALSE	-100	-1	0	0	0	31	450	TRUE	113111	0.0141866071344483	0.408894362483097	3490	257	9452	26060000	257
20220929 054853	binary	custom	TRUE	TRUE	FALSE	-100	-1	0	0	0	31	100	TRUE	113111	0.0433253265224597	0.36543991014254	1014	85	9427	27070000	258
20220929 055011	binary	custom	TRUE	TRUE	FALSE	-100	-1	0	0	0	31	274	TRUE	113111	0.0404797906073663	0.358163826972359	221	114	9446	26230000	259
20220929 055116	binary	custom	TRUE	TRUE	FALSE	-100	-1	0	0	0	31	93	TRUE	113111	0.0405245156350559	0.372280204368964	352	224	9070	26740000	260
20220929 055222	binary	custom	TRUE	TRUE	FALSE	-100	-1	0	0	0	31	146	TRUE	113111	0.0341840930103971	0.385774638256073	1094	205	9400	27040000	261
20220929 055533	binary	custom	TRUE	TRUE	FALSE	-100	-1	0	0	0	31	801	TRUE	113111	0.0103766031580812	0.317195954090717	1350	19	8962	27200000	262
20220929 055751	binary	custom	TRUE	TRUE	FALSE	-100	-1	0	0	0	31	429	TRUE	113111	0.0109517029398824	0.262286012686161	473	19	8769	27030000	263
20220929 055938	binary	custom	TRUE	TRUE	FALSE	-100	-1	0	0	0	31	346	TRUE	113111	0.0144165195190407	0.202305991722911	343	18	9620	26120000	264
20220929 060103	binary	custom	TRUE	TRUE	FALSE	-100	-1	0	0	0	31	204	TRUE	113111	0.0408874934098953	0.364965091098971	239	231	9420	26200000	265
20220929 060201	binary	custom	TRUE	TRUE	FALSE	-100	-1	0	0	0	31	130	TRUE	113111	0.0343066988708758	0.338827962407806	1897	311	10147	26270000	266
20220929 060300	binary	custom	TRUE	TRUE	FALSE	-100	-1	0	0	0	31	125	TRUE	113111	0.0341686253533722	0.554974182298035	1937	268	7601	25760000	267
20220929 060407	binary	custom	TRUE	TRUE	FALSE	-100	-1	0	0	0	31	205	TRUE	113111	0.0189171809182945	0.854114302539267	6857	474	5424	23960000	268
20220929 060721	binary	custom	TRUE	TRUE	FALSE	-100	-1	0	0	0	31	843	TRUE	113111	0.0103194629854264	0.298153297894984	2127	16	8529	26790000	269
20220929 060827	binary	custom	TRUE	TRUE	FALSE	-100	-1	0	0	0	31	153	TRUE	113111	0.0346561156063327	0.369825720398756	1297	175	9288	27190000	270
20220929 060935	binary	custom	TRUE	TRUE	FALSE	-100	-1	0	0	0	31	196	TRUE	113111	0.0396638390973455	0.313911500986211	1343	179	9246	26790000	271
20220929 061330	binary	custom	TRUE	TRUE	FALSE	-100	-1	0	0	0	31	526	TRUE	113111	0.00877145521393645	0.413997980978151	1593	397	9095	26370000	272
20220929 061723	binary	custom	TRUE	TRUE	FALSE	-100	-1	0	0	0	31	836	TRUE	113111	0.00831755559458535	0.332472371926333	3665	21	8857	26210000	273
20220929 061837	binary	custom	TRUE	TRUE	FALSE	-100	-1	0	0	0	31	185	TRUE	113111	0.0298360157268521	0.400320690200798	1640	162	9288	26390000	274
20220929 062124	binary	custom	TRUE	TRUE	FALSE	-100	-1	0	0	0	31	672	TRUE	113111	0.0138801664517851	0.265874290277104	94	54	9401	26720000	275
20220929 062341	binary	custom	TRUE	TRUE	FALSE	-100	-1	0	0	0	31	437	TRUE	113111	0.0154036686886686	0.370711837707199	366	57	9341	26760000	276
20220929 062437	binary	custom	TRUE	TRUE	FALSE	-100	-1	0	0	0	31	159	TRUE	113111	0.0371527509155666	0.338705621756369	1953	373	9603	27040000	277
20220929 062530	binary	custom	TRUE	TRUE	FALSE	-100	-1	0	0	0	31	76	TRUE	113111	0.0374361592147835	0.343876096026476	1111	378	10577	26690000	278
20220929 062641	binary	custom	TRUE	TRUE	FALSE	-100	-1	0	0	0	31	94	TRUE	113111	0.0329376028326544	0.367119314874404	599	185	10042	26400000	279
20220929 062732	binary	custom	TRUE	TRUE	FALSE	-100	-1	0	0	0	31	113	TRUE	113111	0.040421982169292	0.296422007996243	1702	303	9049	26710000	280
20220929 063020	binary	custom	TRUE	TRUE	FALSE	-100	-1	0	0	0	31	515	TRUE	113111	0.00947566437273632	0.301956784129679	672	17	9271	27220000	281
20220929 063504	binary	custom	TRUE	TRUE	FALSE	-100	-1	0	0	0	31	658	TRUE	113111	0.00505113691676345	0.238181491492991	192	28	8869	26910000	282
20220929 064413	binary	custom	TRUE	TRUE	FALSE	-100	-1	0	0	0	31	1193	TRUE	113111	0.00625195696880826	0.454031142357256	437	336	9251	26780000	283
20220929 065006	binary	custom	TRUE	TRUE	FALSE	-100	-1	0	0	0	31	719	TRUE	113111	0.00594662104941576	0.376912222869594	1004	157	7951	26740000	284
20220929 065233	binary	custom	TRUE	TRUE	FALSE	-100	-1	0	0	0	31	261	TRUE	113111	0.0164564305399333	0.383705544803663	593	398	9077	27050000	285
20220929 070037	binary	custom	TRUE	TRUE	FALSE	-100	-1	0	0	0	31	487	TRUE	113111	0.00500307659609548	0.555103296610244	106	107	8650	26540000	286
20220929 070708	binary	custom	TRUE	TRUE	FALSE	-100	-1	0	0	0	31	838	TRUE	113111	0.00503614826941038	0.265599241110192	898	260	8464	26680000	287
20220929 071015	binary	custom	TRUE	TRUE	FALSE	-100	-1	0	0	0	31	282	TRUE	113111	0.0104622159021542	0.307945552725607	587	154	9071	26580000	288
20220929 071606	binary	custom	TRUE	TRUE	FALSE	-100	-1	0	0	0	31	706	TRUE	113111	0.00500870266825858	0.247668265950185	981	248	9570	26540000	289
20220929 071717	binary	custom	TRUE	TRUE	FALSE	-100	-1	0	0	0	31	90	TRUE	113111	0.0348721828274204	0.398271303527724	549	170	8913	27220000	290
20220929 071832	binary	custom	TRUE	TRUE	FALSE	-100	-1	0	0	0	31	144	TRUE	113111	0.0347395118424078	0.37707464740948	187	169	8567	26870000	291
20220929 071957	binary	custom	TRUE	TRUE	FALSE	-100	-1	0	0	0	31	224	TRUE	113111	0.0342397723294953	0.417902061666119	244	123	9216	26530000	292
20220929 072444	binary	custom	TRUE	TRUE	FALSE	-100	-1	0	0	0	31	434	TRUE	113111	0.00635413780589616	0.598187825521824	291	108	8098	26210000	293
20220929 073528	binary	custom	TRUE	TRUE	FALSE	-100	-1	0	0	0	31	2414	TRUE	113111	0.0050638663449673	0.571303844257084	235	106	10116	26090000	294
20220929 073700	binary	custom	TRUE	TRUE	FALSE	-100	-1	0	0	0	31	401	TRUE	113111	0.0349773604198839	0.40058840400549	4019	194	9057	26210000	295
20220929 074033	binary	custom	TRUE	TRUE	FALSE	-100	-1	0	0	0	31	597	TRUE	113111	0.00711273084226718	0.394186301522033	201	16	8713	26980000	296
20220929 074831	binary	custom	TRUE	TRUE	FALSE	-100	-1	0	0	0	31	1169	TRUE	113111	0.00506798822403073	0.463334923859766	218	116	7862	26520000	297
20220929 075533	binary	custom	TRUE	TRUE	FALSE	-100	-1	0	0	0	31	447	TRUE	113111	0.00510571704093719	0.499725686636766	304	158	8972	26620000	298
20220929 075744	binary	custom	TRUE	TRUE	FALSE	-100	-1	0	0	0	31	290	TRUE	113111	0.0149352136653381	0.368987815952278	1812	450	9324	26640000	299
20220929 075849	binary	custom	TRUE	TRUE	FALSE	-100	-1	0	0	0	31	151	TRUE	113111	0.03301256801811	0.341287736721631	1446	480	9835	26890000	300
20220929 081157	binary	custom	TRUE	TRUE	FALSE	-100	-1	0	0	0	31	2043	TRUE	113111	0.0050165531153431	0.574452031509394	218	230	8242	26640000	301
20220929 081414	binary	custom	TRUE	TRUE	FALSE	-100	-1	0	0	0	31	232	TRUE	113111	0.0152452997075904	0.230450088228102	199	164	9164	25920000	302
20220929 081942	binary	custom	TRUE	TRUE	FALSE	-100	-1	0	0	0	31	809	TRUE	113111	0.00715984906462269	0.41651355549392	190	114	7611	26620000	303
20220929 082100	binary	custom	TRUE	TRUE	FALSE	-100	-1	0	0	0	31	283	TRUE	113111	0.0331533603150107	0.392840449878686	219	48	9131	26860000	304
20220929 082200	binary	custom	TRUE	TRUE	FALSE	-100	-1	0	0	0	31	78	TRUE	113111	0.0386381426486879	0.370299428546874	582	396	9301	26920000	305
20220929 082305	binary	custom	TRUE	TRUE	FALSE	-100	-1	0	0	0	31	139	TRUE	113111	0.042599628543866	0.376608139624907	584	155	9124	26960000	306
20220929 082411	binary	custom	TRUE	TRUE	FALSE	-100	-1	0	0	0	31	180	TRUE	113111	0.0434502985367375	0.300598309744157	1168	160	9230	26660000	307
20220929 082617	binary	custom	TRUE	TRUE	FALSE	-100	-1	0	0	0	31	286	TRUE	113111	0.0207139679859638	0.398331537390577	672	135	9537	27250000	308
20220929 082831	binary	custom	TRUE	TRUE	FALSE	-100	-1	0	0	0	31	265	TRUE	113111	0.0157189132917423	0.399737177066389	1112	117	9937	26290000	309
20220929 083038	binary	custom	TRUE	TRUE	FALSE	-100	-1	0	0	0	31	331	TRUE	113111	0.0212638494170447	0.363457269578095	727	132	9396	26730000	310
20220929 083211	binary	custom	TRUE	TRUE	FALSE	-100	-1	0	0	0	31	194	TRUE	113111	0.0203908120283686	0.404198784442006	1882	64	9517	26570000	311
20220929 083424	binary	custom	TRUE	TRUE	FALSE	-100	-1	0	0	0	31	261	TRUE	113111	0.0193622588093713	0.394339556147226	143	178	9297	26690000	312
20220929 083607	binary	custom	TRUE	TRUE	FALSE	-100	-1	0	0	0	31	152	TRUE	113111	0.022473367122254	0.411970344760383	389	144	9742	26520000	313
20220929 083839	binary	custom	TRUE	TRUE	FALSE	-100	-1	0	0	0	31	347	TRUE	113111	0.0176797676406099	0.366045488353461	647	343	9415	26930000	314
20220929 083925	binary	custom	TRUE	TRUE	FALSE	-100	-1	0	0	0	31	124	TRUE	113111	0.0479854088405017	0.359834520257262	1719	139	9946	26990000	315
20220929 084101	binary	custom	TRUE	TRUE	FALSE	-100	-1	0	0	0	31	119	TRUE	113111	0.0214457841284101	0.397925874284725	674	133	8809	27350000	316
20220929 084225	binary	custom	TRUE	TRUE	FALSE	-100	-1	0	0	0	31	199	TRUE	113111	0.0232093139557396	0.394142176897172	2333	137	8542	26200000	317
20220929 084745	binary	custom	TRUE	TRUE	FALSE	-100	-1	0	0	0	31	592	TRUE	113111	0.00709502591443416	0.381423653129035	706	289	9788	26590000	318
20220929 085106	binary	custom	TRUE	TRUE	FALSE	-100	-1	0	0	0	31	425	TRUE	113111	0.010192877523397	0.503483886649051	2391	347	9280	26560000	319
20220929 085245	binary	custom	TRUE	TRUE	FALSE	-100	-1	0	0	0	31	199	TRUE	113111	0.0308226862492546	0.383026640869648	459	373	9569	26870000	320
20220929 085449	binary	custom	TRUE	TRUE	FALSE	-100	-1	0	0	0	31	379	TRUE	113111	0.0181496756307305	0.384833113450245	1972	362	8786	27070000	321
20220929 085658	binary	custom	TRUE	TRUE	FALSE	-100	-1	0	0	0	31	365	TRUE	113111	0.0154733031969642	0.375977834738902	2453	365	9163	26480000	322
20220929 085900	binary	custom	TRUE	TRUE	FALSE	-100	-1	0	0	0	31	226	TRUE	113111	0.0185042137591828	0.390133052737987	811	448	8872	27060000	323
20220929 090024	binary	custom	TRUE	TRUE	FALSE	-100	-1	0	0	0	31	261	TRUE	113111	0.0401414806080906	0.403100645442074	1044	404	9223	26520000	324
20220929 090058	binary	custom	TRUE	TRUE	FALSE	-100	-1	0	0	0	31	121	TRUE	113111	0.060694687825354	0.835226669413596	2974	677	14671	23060000	325
20220929 090147	binary	custom	TRUE	TRUE	FALSE	-100	-1	0	0	0	31	91	TRUE	113111	0.0394122392374513	0.335896597470332	1366	386	9438	26650000	326
20220929 090308	binary	custom	TRUE	TRUE	FALSE	-100	-1	0	0	0	31	146	TRUE	113111	0.0252859578284993	0.29093456199191	955	234	9188	27070000	327
20220929 090408	binary	custom	TRUE	TRUE	FALSE	-100	-1	0	0	0	31	125	TRUE	113111	0.0360829654473784	0.390786251293868	1820	387	8481	27200000	328
20220929 090546	binary	custom	TRUE	TRUE	FALSE	-100	-1	0	0	0	31	181	TRUE	113111	0.0209672758278419	0.397109483573439	1347	408	8436	26730000	329
20220929 090630	binary	custom	TRUE	TRUE	FALSE	-100	-1	0	0	0	31	63	TRUE	113111	0.043174114944993	0.391503985660763	1628	454	8776	26770000	330
20220929 091553	binary	custom	TRUE	TRUE	FALSE	-100	-1	0	0	0	31	3334	TRUE	113111	0.00569732273187783	0.314245943073288	4985	17	8846	26470000	331
20220929 091746	binary	custom	TRUE	TRUE	FALSE	-100	-1	0	0	0	31	519	TRUE	113111	0.0204605158186724	0.274889628701683	658	18	9178	27010000	332
20220929 091853	binary	custom	TRUE	TRUE	FALSE	-100	-1	0	0	0	31	81	TRUE	113111	0.034266382055924	0.284318037006242	169	214	9279	25370000	333
20220929 092035	binary	custom	TRUE	TRUE	FALSE	-100	-1	0	0	0	31	151	TRUE	113111	0.0270453001326561	0.398652663456386	161	249	8702	26280000	334
20220929 092345	binary	custom	TRUE	TRUE	FALSE	-100	-1	0	0	0	31	442	TRUE	113111	0.0119260695287636	0.293025556639599	818	186	9179	26610000	335
20220929 092452	binary	custom	TRUE	TRUE	FALSE	-100	-1	0	0	0	31	136	TRUE	113111	0.0304588326153045	0.294841477628061	1373	198	8710	26660000	336
20220929 092608	binary	custom	TRUE	TRUE	FALSE	-100	-1	0	0	0	31	195	TRUE	113111	0.0270876784158511	0.294117035424808	1530	242	9845	26230000	337
20220929 092757	binary	custom	TRUE	TRUE	FALSE	-100	-1	0	0	0	31	199	TRUE	113111	0.0380042673821827	0.340817473144283	107	382	9232	26500000	338
20220929 092854	binary	custom	TRUE	TRUE	FALSE	-100	-1	0	0	0	31	81	TRUE	113111	0.0394146366125985	0.340332496034933	629	364	10003	26720000	339
20220929 092952	binary	custom	TRUE	TRUE	FALSE	-100	-1	0	0	0	31	132	TRUE	113111	0.0417461322743175	0.39808899624151	109	104	8957	26330000	340
20220929 093139	binary	custom	TRUE	TRUE	FALSE	-100	-1	0	0	0	31	286	TRUE	113111	0.0178202280790077	0.318804381716547	2592	74	8679	26330000	341
20220929 093301	binary	custom	TRUE	TRUE	FALSE	-100	-1	0	0	0	31	195	TRUE	113111	0.0368998841421944	0.366042908423263	704	423	9795	26570000	342
20220929 093406	binary	custom	TRUE	TRUE	FALSE	-100	-1	0	0	0	31	59	TRUE	113111	0.0337317338724098	0.390438883273567	572	382	9050	27180000	343
20220929 093529	binary	custom	TRUE	TRUE	FALSE	-100	-1	0	0	0	31	156	TRUE	113111	0.0267471444410673	0.387093931031789	1073	413	8339	26850000	344
20220929 093717	binary	custom	TRUE	TRUE	FALSE	-100	-1	0	0	0	31	402	TRUE	113111	0.0272549360952897	0.330627345162338	1588	371	10538	26450000	345
20220929 093816	binary	custom	TRUE	TRUE	FALSE	-100	-1	0	0	0	31	101	TRUE	113111	0.0499004589879365	0.369432316784058	479	164	9239	26410000	346
20220929 093935	binary	custom	TRUE	TRUE	FALSE	-100	-1	0	0	0	31	170	TRUE	113111	0.0206151425190993	0.397929818870956	1186	17	9029	26830000	347
20220929 094055	binary	custom	TRUE	TRUE	FALSE	-100	-1	0	0	0	31	214	TRUE	113111	0.0346698938798933	0.347919202273218	933	438	9666	26350000	348
20220929 094239	binary	custom	TRUE	TRUE	FALSE	-100	-1	0	0	0	31	284	TRUE	113111	0.0190556588722328	0.42393460656079	1148	38	9052	26620000	349
20220929 094900	binary	custom	TRUE	TRUE	FALSE	-100	-1	0	0	0	31	1178	TRUE	113111	0.00533374884782843	0.382508459849545	2042	34	8355	26730000	350
20220929 095819	binary	custom	TRUE	TRUE	FALSE	-100	-1	0	0	0	31	1675	TRUE	113111	0.005365474036933	0.44351812525217	416	112	8326	26950000	351
20220929 100202	binary	custom	TRUE	TRUE	FALSE	-100	-1	0	0	0	31	736	TRUE	113111	0.0145029071490966	0.397906273895562	371	115	9047	27030000	352
20220929 100603	binary	custom	TRUE	TRUE	FALSE	-100	-1	0	0	0	31	481	TRUE	113111	0.00634586626336421	0.444073091488232	186	22	8907	27070000	353
20220929 100834	binary	custom	TRUE	TRUE	FALSE	-100	-1	0	0	0	31	387	TRUE	113111	0.0109811927984899	0.445989705456882	217	24	8165	26870000	354
20220929 101042	binary	custom	TRUE	TRUE	FALSE	-100	-1	0	0	0	31	446	TRUE	113111	0.0123619571270647	0.273667324490219	328	16	9045	27270000	355
20220929 101232	binary	custom	TRUE	TRUE	FALSE	-100	-1	0	0	0	31	343	TRUE	113111	0.0148543850734554	0.2858944589815	620	16	8901	27240000	356
20220929 101419	binary	custom	TRUE	TRUE	FALSE	-100	-1	0	0	0	31	304	TRUE	113111	0.0158447901940383	0.282504957048009	2517	16	8402	26320000	357
20220929 101622	binary	custom	TRUE	TRUE	FALSE	-100	-1	0	0	0	31	398	TRUE	113111	0.0151203309511689	0.305690428690516	2555	18	8938	26370000	358
20220929 101806	binary	custom	TRUE	TRUE	FALSE	-100	-1	0	0	0	31	417	TRUE	113111	0.0313730666351208	0.338429884665179	1509	422	10461	26600000	359
20220929 101910	binary	custom	TRUE	TRUE	FALSE	-100	-1	0	0	0	31	108	TRUE	113111	0.0345355499928934	0.364088986201488	1076	173	9170	26700000	360
20220929 102025	binary	custom	TRUE	TRUE	FALSE	-100	-1	0	0	0	31	129	TRUE	113111	0.0360693548930074	0.389918064241414	267	180	8844	26560000	361
20220929 102126	binary	custom	TRUE	TRUE	FALSE	-100	-1	0	0	0	31	132	TRUE	113111	0.0335173894721014	0.382239353464021	244	55	9334	27100000	362
20220929 102221	binary	custom	TRUE	TRUE	FALSE	-100	-1	0	0	0	31	82	TRUE	113111	0.0351892243287253	0.373644159063326	788	57	9379	26770000	363
20220929 102332	binary	custom	TRUE	TRUE	FALSE	-100	-1	0	0	0	31	138	TRUE	113111	0.0328143236900384	0.3798969590609	1041	152	9579	26850000	364
20220929 102447	binary	custom	TRUE	TRUE	FALSE	-100	-1	0	0	0	31	173	TRUE	113111	0.0451121205488136	0.350702229826447	117	176	8394	25540000	365
20220929 102555	binary	custom	TRUE	TRUE	FALSE	-100	-1	0	0	0	31	198	TRUE	113111	0.0392184929808764	0.337518310710036	1370	359	10787	26350000	366
20220929 102648	binary	custom	TRUE	TRUE	FALSE	-100	-1	0	0	0	31	116	TRUE	113111	0.0388517723920793	0.338013782386065	1924	179	9433	26660000	367
20220929 103006	binary	custom	TRUE	TRUE	FALSE	-100	-1	0	0	0	31	393	TRUE	113111	0.0104869977942966	0.370732240399716	1186	176	8716	27050000	368
20220929 103212	binary	custom	TRUE	TRUE	FALSE	-100	-1	0	0	0	31	230	TRUE	113111	0.019599927188416	0.350347923390482	664	174	9353	26820000	369
20220929 103309	binary	custom	TRUE	TRUE	FALSE	-100	-1	0	0	0	31	146	TRUE	113111	0.0379069029580891	0.40499229844022	2271	420	8426	25710000	370
20220929 103702	binary	custom	TRUE	TRUE	FALSE	-100	-1	0	0	0	31	466	TRUE	113111	0.00988742796043941	0.391239012346126	862	221	9334	26780000	371
20220929 103939	binary	custom	TRUE	TRUE	FALSE	-100	-1	0	0	0	31	421	TRUE	113111	0.0105371408847259	0.289098492908097	401	24	9238	27130000	372
20220929 104148	binary	custom	TRUE	TRUE	FALSE	-100	-1	0	0	0	31	529	TRUE	113111	0.0144570059527699	0.279483530320573	37	16	9324	27120000	373
20220929 104336	binary	custom	TRUE	TRUE	FALSE	-100	-1	0	0	0	31	283	TRUE	113111	0.0218998383310295	0.290851794658763	992	149	8966	26790000	374
20220929 104821	binary	custom	TRUE	TRUE	FALSE	-100	-1	0	0	0	31	709	TRUE	113111	0.0139954309123073	0.405482526133214	247	286	8777	26290000	375
20220929 105016	binary	custom	TRUE	TRUE	FALSE	-100	-1	0	0	0	31	163	TRUE	113111	0.0230667687895553	0.295380959496132	374	277	8757	26570000	376
20220929 105153	binary	custom	TRUE	TRUE	FALSE	-100	-1	0	0	0	31	170	TRUE	113111	0.0204876738044599	0.388474143158249	1617	376	9358	26810000	377
20220929 105421	binary	custom	TRUE	TRUE	FALSE	-100	-1	0	0	0	31	150	TRUE	113111	0.0171475588901099	0.389284911374199	402	246	9510	26740000	378
20220929 105740	binary	custom	TRUE	TRUE	FALSE	-100	-1	0	0	0	31	484	TRUE	113111	0.00749659218392095	0.309856854079851	422	28	8860	26840000	379
20220929 105938	binary	custom	TRUE	TRUE	FALSE	-100	-1	0	0	0	31	327	TRUE	113111	0.0320264117652964	0.325794860672119	451	361	9518	26730000	380
20220929 110046	binary	custom	TRUE	TRUE	FALSE	-100	-1	0	0	0	31	129	TRUE	113111	0.0328068173631693	0.38571742248606	1594	328	8544	26840000	381
20220929 110717	binary	custom	TRUE	TRUE	FALSE	-100	-1	0	0	0	31	538	TRUE	113111	0.00509246592095358	0.368892489340892	725	190	8567	26630000	382
20220929 110904	binary	custom	TRUE	TRUE	FALSE	-100	-1	0	0	0	31	171	TRUE	113111	0.0205551266392844	0.4010989746729	532	130	9122	27120000	383
20220929 111242	binary	custom	TRUE	TRUE	FALSE	-100	-1	0	0	0	31	594	TRUE	113111	0.0106061374857112	0.354114839710426	1141	132	8864	2.7e+07	384
20220929 111844	binary	custom	TRUE	TRUE	FALSE	-100	-1	0	0	0	31	1173	TRUE	113111	0.00523631442880759	0.207240584296751	1631	51	8695	26770000	385
20220929 112102	binary	custom	TRUE	TRUE	FALSE	-100	-1	0	0	0	31	241	TRUE	113111	0.0109892089346526	0.375374824194304	633	25	8615	27170000	386
20220929 112334	binary	custom	TRUE	TRUE	FALSE	-100	-1	0	0	0	31	372	TRUE	113111	0.0109601624568991	0.359173051914501	461	27	9001	26800000	387
20220929 112620	binary	custom	TRUE	TRUE	FALSE	-100	-1	0	0	0	31	236	TRUE	113111	0.0134003352320483	0.376108051431021	707	130	8403	26720000	388
20220929 112729	binary	custom	TRUE	TRUE	FALSE	-100	-1	0	0	0	31	144	TRUE	113111	0.0351814147911125	0.389437028630981	1148	454	8744	26840000	389
20220929 113352	binary	custom	TRUE	TRUE	FALSE	-100	-1	0	0	0	31	881	TRUE	113111	0.0051221505156528	0.461536698493318	2788	350	9166	26550000	390
20220929 113917	binary	custom	TRUE	TRUE	FALSE	-100	-1	0	0	0	31	790	TRUE	113111	0.00741971152783498	0.48171297611923	1512	104	8730	26700000	391
20220929 114019	binary	custom	TRUE	TRUE	FALSE	-100	-1	0	0	0	31	165	TRUE	113111	0.0369294747871692	0.327785269483888	1546	356	10203	26560000	392
20220929 114626	binary	custom	TRUE	TRUE	FALSE	-100	-1	0	0	0	31	936	TRUE	113111	0.0101582586644627	0.354286723787405	352	268	8780	26600000	393
20220929 114847	binary	custom	TRUE	TRUE	FALSE	-100	-1	0	0	0	31	286	TRUE	113111	0.0151067885637642	0.391139393013428	1590	376	8489	26310000	394
20220929 115054	binary	custom	TRUE	TRUE	FALSE	-100	-1	0	0	0	31	144	TRUE	113111	0.0196024913538705	0.38023103886277	489	422	8627	27150000	395
20220929 115150	binary	custom	TRUE	TRUE	FALSE	-100	-1	0	0	0	31	124	TRUE	113111	0.040878758033005	0.294672617076198	1141	194	8429	26670000	396
20220929 115338	binary	custom	TRUE	TRUE	FALSE	-100	-1	0	0	0	31	312	TRUE	113111	0.0141054144245899	0.243908944622248	402	19	8832	26900000	397
20220929 115612	binary	custom	TRUE	TRUE	FALSE	-100	-1	0	0	0	31	359	TRUE	113111	0.00936130129462442	0.316791723320045	551	17	9684	26960000	398
20220929 115747	binary	custom	TRUE	TRUE	FALSE	-100	-1	0	0	0	31	331	TRUE	113111	0.0184435400698433	0.286895795419169	36	19	9176	26850000	399
20220929 115939	binary	custom	TRUE	TRUE	FALSE	-100	-1	0	0	0	31	314	TRUE	113111	0.019237970568259	0.384360309527994	3877	437	8804	26320000	400
20220929 120224	binary	custom	TRUE	TRUE	FALSE	-100	-1	0	0	0	31	370	TRUE	113111	0.0213306415264837	0.380718953650989	429	339	8664	27080000	401
20220929 120351	binary	custom	TRUE	TRUE	FALSE	-100	-1	0	0	0	31	204	TRUE	113111	0.0252010802317701	0.30468555853722	1311	194	9053	27180000	402
20220929 120507	binary	custom	TRUE	TRUE	FALSE	-100	-1	0	0	0	31	202	TRUE	113111	0.0251617735603059	0.295539937724631	2977	203	8833	26340000	403
20220929 120708	binary	custom	TRUE	TRUE	FALSE	-100	-1	0	0	0	31	319	TRUE	113111	0.027843817335272	0.313086682337607	238	220	9091	26780000	404
20220929 120827	binary	custom	TRUE	TRUE	FALSE	-100	-1	0	0	0	31	126	TRUE	113111	0.0261898551342413	0.3029627532722	619	119	9250	26460000	405
20220929 121018	binary	custom	TRUE	TRUE	FALSE	-100	-1	0	0	0	31	187	TRUE	113111	0.0219940964721029	0.307030882676758	669	219	9393	26740000	406
20220929 121118	binary	custom	TRUE	TRUE	FALSE	-100	-1	0	0	0	31	143	TRUE	113111	0.0379433301161125	0.31255189940978	1251	362	9336	26850000	407
20220929 121253	binary	custom	TRUE	TRUE	FALSE	-100	-1	0	0	0	31	188	TRUE	113111	0.0263063324144777	0.30455627669977	656	362	9057	26930000	408
20220929 121407	binary	custom	TRUE	TRUE	FALSE	-100	-1	0	0	0	31	92	TRUE	113111	0.0280942136111219	0.341994642531438	789	181	8988	26830000	409
20220929 121522	binary	custom	TRUE	TRUE	FALSE	-100	-1	0	0	0	31	170	TRUE	113111	0.0269044759217792	0.327263393393155	1579	446	9369	26710000	410
20220929 121647	binary	custom	TRUE	TRUE	FALSE	-100	-1	0	0	0	31	143	TRUE	113111	0.0255655581959273	0.33958031039661	937	364	9523	26960000	411
20220929 121811	binary	custom	TRUE	TRUE	FALSE	-100	-1	0	0	0	31	115	TRUE	113111	0.0287213359092432	0.365778259053788	549	328	9536	26930000	412
20220929 122010	binary	custom	TRUE	TRUE	FALSE	-100	-1	0	0	0	31	392	TRUE	113111	0.0328784647602759	0.330187405039311	203	173	8705	25790000	413
20220929 122147	binary	custom	TRUE	TRUE	FALSE	-100	-1	0	0	0	31	123	TRUE	113111	0.0264685678089924	0.351476211476278	597	263	9431	26660000	414
20220929 122511	binary	custom	TRUE	TRUE	FALSE	-100	-1	0	0	0	31	340	TRUE	113111	0.0103761969546568	0.360452324437413	927	151	8008	26790000	415
20220929 122636	binary	custom	TRUE	TRUE	FALSE	-100	-1	0	0	0	31	172	TRUE	113111	0.0270516918814723	0.303721341547831	883	271	8969	26870000	416
20220929 122827	binary	custom	TRUE	TRUE	FALSE	-100	-1	0	0	0	31	319	TRUE	113111	0.0225597144002429	0.349210366020098	331	80	8971	26780000	417
20220929 123033	binary	custom	TRUE	TRUE	FALSE	-100	-1	0	0	0	31	217	TRUE	113111	0.0195167683970157	0.277343282065885	209	195	9193	25940000	418
20220929 123307	binary	custom	TRUE	TRUE	FALSE	-100	-1	0	0	0	31	579	TRUE	113111	0.0344327307185992	0.397943959096565	62	157	9416	26290000	419
20220929 123409	binary	custom	TRUE	TRUE	FALSE	-100	-1	0	0	0	31	90	TRUE	113111	0.0328695841627059	0.386205331683254	1537	90	9417	26610000	420
20220929 123514	binary	custom	TRUE	TRUE	FALSE	-100	-1	0	0	0	31	193	TRUE	113111	0.034608213295847	0.306717113335774	3172	207	9137	26210000	421
20220929 123626	binary	custom	TRUE	TRUE	FALSE	-100	-1	0	0	0	31	84	TRUE	113111	0.0340228404700102	0.413140459605993	676	313	9421	26600000	422
20220929 124005	binary	custom	TRUE	TRUE	FALSE	-100	-1	0	0	0	31	479	TRUE	113111	0.00870512687388161	0.441618810596339	3129	40	8429	26190000	423
20220929 124143	binary	custom	TRUE	TRUE	FALSE	-100	-1	0	0	0	31	195	TRUE	113111	0.0214382548001485	0.398290002560677	1548	469	9130	26540000	424
20220929 124241	binary	custom	TRUE	TRUE	FALSE	-100	-1	0	0	0	31	89	TRUE	113111	0.0401760273836423	0.392910162056298	2036	342	9033	26660000	425
20220929 124352	binary	custom	TRUE	TRUE	FALSE	-100	-1	0	0	0	31	135	TRUE	113111	0.0342429865712393	0.40706216295367	1049	176	8466	26430000	426
20220929 124514	binary	custom	TRUE	TRUE	FALSE	-100	-1	0	0	0	31	183	TRUE	113111	0.0257688680747227	0.31700774717288	1748	370	9111	26660000	427
20220929 124822	binary	custom	TRUE	TRUE	FALSE	-100	-1	0	0	0	31	577	TRUE	113111	0.00955178127696828	0.261351310572317	3988	145	8781	26360000	428
20220929 125049	binary	custom	TRUE	TRUE	FALSE	-100	-1	0	0	0	31	312	TRUE	113111	0.0118751594955455	0.347061899754439	3341	150	8564	2.6e+07	429
20220929 125219	binary	custom	TRUE	TRUE	FALSE	-100	-1	0	0	0	31	215	TRUE	113111	0.0193322124186036	0.380811778628631	2471	16	8756	26570000	430
20220929 125915	binary	custom	TRUE	TRUE	FALSE	-100	-1	0	0	0	31	712	TRUE	113111	0.00629526254631569	0.447729964701781	512	171	9223	26680000	431
20220929 130002	binary	custom	TRUE	TRUE	FALSE	-100	-1	0	0	0	31	91	TRUE	113111	0.0532742431320412	0.292332551706101	1265	212	9263	2.7e+07	432
20220929 130319	binary	custom	TRUE	TRUE	FALSE	-100	-1	0	0	0	31	266	TRUE	113111	0.00932221092599967	0.583304805245122	510	84	8154	26180000	433
20220929 130435	binary	custom	TRUE	TRUE	FALSE	-100	-1	0	0	0	31	88	TRUE	113111	0.0293481329261039	0.552064896299003	742	76	9349	26830000	434
20220929 130535	binary	custom	TRUE	TRUE	FALSE	-100	-1	0	0	0	31	103	TRUE	113111	0.0399811654414231	0.549107040658453	1097	71	10026	26270000	435
20220929 130633	binary	custom	TRUE	TRUE	FALSE	-100	-1	0	0	0	31	173	TRUE	113111	0.0512405812554474	0.355653872933656	1494	181	10357	26970000	436
20220929 130719	binary	custom	TRUE	TRUE	FALSE	-100	-1	0	0	0	31	115	TRUE	113111	0.0604913184478082	0.358211039695918	1885	172	9917	25930000	437
20220929 130824	binary	custom	TRUE	TRUE	FALSE	-100	-1	0	0	0	31	120	TRUE	113111	0.0357756580036016	0.38063221084458	1297	394	8202	26720000	438
20220929 130932	binary	custom	TRUE	TRUE	FALSE	-100	-1	0	0	0	31	96	TRUE	113111	0.0331387867168314	0.398844347399677	853	152	8288	26710000	439
20220929 131105	binary	custom	TRUE	TRUE	FALSE	-100	-1	0	0	0	31	158	TRUE	113111	0.0236996599692805	0.305032999496766	893	196	8163	26960000	440
20220929 131717	binary	custom	TRUE	TRUE	FALSE	-100	-1	0	0	0	31	1136	TRUE	113111	0.00503932276595147	0.320541120670927	1938	32	9191	26820000	441
20220929 132102	binary	custom	TRUE	TRUE	FALSE	-100	-1	0	0	0	31	595	TRUE	113111	0.00822139058920779	0.469015150633043	706	16	8839	26810000	442
20220929 132941	binary	custom	TRUE	TRUE	FALSE	-100	-1	0	0	0	31	1727	TRUE	113111	0.00539224290993663	0.427839458267405	174	84	7729	26310000	443
20220929 133122	binary	custom	TRUE	TRUE	FALSE	-100	-1	0	0	0	31	289	TRUE	113111	0.0181217560280118	0.256422447254594	1062	18	9236	27130000	444
20220929 133231	binary	custom	TRUE	TRUE	FALSE	-100	-1	0	0	0	31	195	TRUE	113111	0.0348146281356813	0.382821124635444	2189	228	9579	26690000	445
20220929 133317	binary	custom	TRUE	TRUE	FALSE	-100	-1	0	0	0	31	83	TRUE	113111	0.0418449501687145	0.379883390428102	2655	324	8633	26020000	446
20220929 133431	binary	custom	TRUE	TRUE	FALSE	-100	-1	0	0	0	31	267	TRUE	113111	0.0233555855029582	0.260968411375034	323	17	8960	26800000	447
20220929 133551	binary	custom	TRUE	TRUE	FALSE	-100	-1	0	0	0	31	231	TRUE	113111	0.0209714154157302	0.249143955532698	913	18	9568	27190000	448
20220929 133716	binary	custom	TRUE	TRUE	FALSE	-100	-1	0	0	0	31	366	TRUE	113111	0.0244214311367693	0.250590929599924	2312	17	9001	26160000	449
20220929 133946	binary	custom	TRUE	TRUE	FALSE	-100	-1	0	0	0	31	640	TRUE	113111	0.0126966652582519	0.253065091488631	1336	16	9820	26680000	450
20220929 134646	binary	custom	TRUE	TRUE	FALSE	-100	-1	0	0	0	31	977	TRUE	113111	0.00506005014056891	0.457315962267843	2009	250	9825	26510000	451
20220929 135200	binary	custom	TRUE	TRUE	FALSE	-100	-1	0	0	0	31	228	TRUE	113111	0.00746630833303006	0.448039575296543	190	241	8034	26500000	452
20220929 135750	binary	custom	TRUE	TRUE	FALSE	-100	-1	0	0	0	31	645	TRUE	113111	0.00676929870308131	0.359081469697149	364	152	9291	26620000	453
20220929 140301	binary	custom	TRUE	TRUE	FALSE	-100	-1	0	0	0	31	1129	TRUE	113111	0.0052596446008302	0.29668146487013	182	18	9041	27280000	454
20220929 140512	binary	custom	TRUE	TRUE	FALSE	-100	-1	0	0	0	31	185	TRUE	113111	0.0212177584272252	0.416028214284755	454	208	8701	26760000	455
20220929 140648	binary	custom	TRUE	TRUE	FALSE	-100	-1	0	0	0	31	310	TRUE	113111	0.017427684824261	0.245848742042462	9	26	9621	26680000	456
20220929 140803	binary	custom	TRUE	TRUE	FALSE	-100	-1	0	0	0	31	224	TRUE	113111	0.0221811576429501	0.256987189957938	385	16	9823	2.7e+07	457
20220929 141423	binary	custom	TRUE	TRUE	FALSE	-100	-1	0	0	0	31	960	TRUE	113111	0.00617755294143797	0.44689252633197	1381	376	10088	26390000	458
20220929 141711	binary	custom	TRUE	TRUE	FALSE	-100	-1	0	0	0	31	319	TRUE	113111	0.0142889125320004	0.370697022178766	950	291	8368	26630000	459
20220929 141909	binary	custom	TRUE	TRUE	FALSE	-100	-1	0	0	0	31	283	TRUE	113111	0.0193810914994462	0.254718192281881	196	121	9547	26110000	460
20220929 142130	binary	custom	TRUE	TRUE	FALSE	-100	-1	0	0	0	31	538	TRUE	113111	0.0126627119575926	0.220869466482852	102	20	9164	27200000	461
20220929 142217	binary	custom	TRUE	TRUE	FALSE	-100	-1	0	0	0	31	80	TRUE	113111	0.0466892423758283	0.290583580135346	1739	206	9481	26800000	462
20220929 142454	binary	custom	TRUE	TRUE	FALSE	-100	-1	0	0	0	31	234	TRUE	113111	0.0206253400599309	0.412073050283173	382	378	9254	26780000	463
20220929 142543	binary	custom	TRUE	TRUE	FALSE	-100	-1	0	0	0	31	113	TRUE	113111	0.0481497500260147	0.360304562176775	2385	23	9333	26140000	464
20220929 142642	binary	custom	TRUE	TRUE	FALSE	-100	-1	0	0	0	31	134	TRUE	113111	0.0433123338619071	0.367948233331566	1236	175	9253	26780000	465
20220929 142757	binary	custom	TRUE	TRUE	FALSE	-100	-1	0	0	0	31	168	TRUE	113111	0.0320183841584032	0.395084540040928	1636	386	8694	27180000	466
20220929 142909	binary	custom	TRUE	TRUE	FALSE	-100	-1	0	0	0	31	117	TRUE	113111	0.033210998617639	0.392660804601204	989	389	7865	26670000	467
20220929 143111	binary	custom	TRUE	TRUE	FALSE	-100	-1	0	0	0	31	225	TRUE	113111	0.0188630980344633	0.365094992125004	902	354	8371	26780000	468
20220929 143219	binary	custom	TRUE	TRUE	FALSE	-100	-1	0	0	0	31	128	TRUE	113111	0.0336673474711915	0.397316878016386	1347	247	8919	26890000	469
20220929 143309	binary	custom	TRUE	TRUE	FALSE	-100	-1	0	0	0	31	94	TRUE	113111	0.0513937209165237	0.29236025730327	848	143	9704	26280000	470
20220929 143457	binary	custom	TRUE	TRUE	FALSE	-100	-1	0	0	0	31	184	TRUE	113111	0.0235977150222543	0.330044280425332	521	189	9083	26880000	471
20220929 143610	binary	custom	TRUE	TRUE	FALSE	-100	-1	0	0	0	31	65	TRUE	113111	0.0321818772614102	0.429944359671035	678	246	9190	26820000	472
20220929 143700	binary	custom	TRUE	TRUE	FALSE	-100	-1	0	0	0	31	120	TRUE	113111	0.0519636957557572	0.286079390268183	4239	221	8975	26210000	473
20220929 143800	binary	custom	TRUE	TRUE	FALSE	-100	-1	0	0	0	31	243	TRUE	113111	0.0496645919036889	0.344363144689515	4071	160	10016	26370000	474
20220929 143912	binary	custom	TRUE	TRUE	FALSE	-100	-1	0	0	0	31	129	TRUE	113111	0.0290952496829818	0.378282576264215	1494	382	8811	26780000	475
20220929 144358	binary	custom	TRUE	TRUE	FALSE	-100	-1	0	0	0	31	824	TRUE	113111	0.00709850384606921	0.378436543154495	3210	256	8367	26710000	476
20220929 144513	binary	custom	TRUE	TRUE	FALSE	-100	-1	0	0	0	31	166	TRUE	113111	0.0309329449992604	0.304444230593115	1300	451	9053	26700000	477
20220929 144822	binary	custom	TRUE	TRUE	FALSE	-100	-1	0	0	0	31	324	TRUE	113111	0.0179885683872619	0.380500209756142	367	477	9601	26400000	478
20220929 144931	binary	custom	TRUE	TRUE	FALSE	-100	-1	0	0	0	31	95	TRUE	113111	0.0372532411257376	0.427972326791514	926	255	9836	26410000	479
20220929 145102	binary	custom	TRUE	TRUE	FALSE	-100	-1	0	0	0	31	167	TRUE	113111	0.0243313981309654	0.340822520228407	1091	173	9785	26590000	480
20220929 145258	binary	custom	TRUE	TRUE	FALSE	-100	-1	0	0	0	31	169	TRUE	113111	0.0224371707652726	0.342816680752665	476	240	8681	26640000	481
20220929 145551	binary	custom	TRUE	TRUE	FALSE	-100	-1	0	0	0	31	310	TRUE	113111	0.0152970751449369	0.354800559658661	584	382	9905	26830000	482
20220929 145707	binary	custom	TRUE	TRUE	FALSE	-100	-1	0	0	0	31	96	TRUE	113111	0.0313378453253655	0.366624001494027	718	389	10215	26450000	483
20220929 145947	binary	custom	TRUE	TRUE	FALSE	-100	-1	0	0	0	31	331	TRUE	113111	0.0190268191231007	0.34551212058631	506	331	9531	26860000	484
20220929 150248	binary	custom	TRUE	TRUE	FALSE	-100	-1	0	0	0	31	272	TRUE	113111	0.0197497607923987	0.389978507131001	28	353	8822	26840000	485
20220929 150557	binary	custom	TRUE	TRUE	FALSE	-100	-1	0	0	0	31	329	TRUE	113111	0.0079754250444855	0.424581746323526	104	21	8772	27180000	486
20220929 150808	binary	custom	TRUE	TRUE	FALSE	-100	-1	0	0	0	31	219	TRUE	113111	0.0131024285877908	0.40687884974421	183	50	9501	2.7e+07	487
20220929 151303	binary	custom	TRUE	TRUE	FALSE	-100	-1	0	0	0	31	605	TRUE	113111	0.00632639301197947	0.415943814828084	113	68	8574	26940000	488
20220929 151444	binary	custom	TRUE	TRUE	FALSE	-100	-1	0	0	0	31	233	TRUE	113111	0.0219031519412214	0.397708071797275	9	64	9402	26400000	489
20220929 151742	binary	custom	TRUE	TRUE	FALSE	-100	-1	0	0	0	31	194	TRUE	113111	0.015355810928738	0.493584856483565	419	244	9301	26920000	490
20220929 152123	binary	custom	TRUE	TRUE	FALSE	-100	-1	0	0	0	31	453	TRUE	113111	0.011433932908956	0.509814470119574	1169	206	9387	26510000	491
20220929 152515	binary	custom	TRUE	TRUE	FALSE	-100	-1	0	0	0	31	757	TRUE	113111	0.0131275859667492	0.488965175229419	1606	288	9939	26770000	492
20220929 152803	binary	custom	TRUE	TRUE	FALSE	-100	-1	0	0	0	31	452	TRUE	113111	0.0144558198750955	0.491137574015896	3422	291	9083	25920000	493
20220929 153207	binary	custom	TRUE	TRUE	FALSE	-100	-1	0	0	0	31	401	TRUE	113111	0.0160477000920193	0.496667082573654	116	353	9784	25960000	494
20220929 153503	binary	custom	TRUE	TRUE	FALSE	-100	-1	0	0	0	31	230	TRUE	113111	0.0162010544060923	0.480614541674504	141	233	9543	26520000	495
20220929 154136	binary	custom	TRUE	TRUE	FALSE	-100	-1	0	0	0	31	807	TRUE	113111	0.00510474537605416	0.568421055359999	1682	145	7668	26430000	496
20220929 154333	binary	custom	TRUE	TRUE	FALSE	-100	-1	0	0	0	31	156	TRUE	113111	0.0220072833140997	0.408131075257748	725	144	8756	27210000	497
20220929 154528	binary	custom	TRUE	TRUE	FALSE	-100	-1	0	0	0	31	267	TRUE	113111	0.0241279865956995	0.313639118829054	606	176	8671	26340000	498
20220929 154635	binary	custom	TRUE	TRUE	FALSE	-100	-1	0	0	0	31	101	TRUE	113111	0.0268760969130432	0.414615804080364	485	47	8775	26530000	499
20220929 155036	binary	custom	TRUE	TRUE	FALSE	-100	-1	0	0	0	31	420	TRUE	113111	0.0100585745740282	0.492822970694403	865	209	9900	26680000	500
20220929 155712	binary	custom	TRUE	TRUE	FALSE	-100	-1	0	0	0	31	500	TRUE	113111	0.00518279399901649	0.414326274067129	793	266	8169	26710000	501
20220929 155849	binary	custom	TRUE	TRUE	FALSE	-100	-1	0	0	0	31	131	TRUE	113111	0.0276514025000035	0.299622978108792	398	203	7737	26690000	502
20220929 160042	binary	custom	TRUE	TRUE	FALSE	-100	-1	0	0	0	31	253	TRUE	113111	0.0197461141454911	0.381020445519792	1404	378	7849	26790000	503
20220929 160220	binary	custom	TRUE	TRUE	FALSE	-100	-1	0	0	0	31	145	TRUE	113111	0.0209311019135195	0.409073230684723	620	82	8693	26860000	504
20220929 160657	binary	custom	TRUE	TRUE	FALSE	-100	-1	0	0	0	31	996	TRUE	113111	0.0103812387289975	0.473215078761219	2322	342	10421	26200000	505
20220929 160921	binary	custom	TRUE	TRUE	FALSE	-100	-1	0	0	0	31	348	TRUE	113111	0.0107323556643193	0.3842142393537	230	17	7806	26630000	506
20220929 161105	binary	custom	TRUE	TRUE	FALSE	-100	-1	0	0	0	31	63	TRUE	113111	0.0249851006634024	0.291043352680819	351	455	9277	26170000	507
20220929 161318	binary	custom	TRUE	TRUE	FALSE	-100	-1	0	0	0	31	429	TRUE	113111	0.0140556633195684	0.455799212416233	72	17	8916	27290000	508
20220929 161613	binary	custom	TRUE	TRUE	FALSE	-100	-1	0	0	0	31	599	TRUE	113111	0.0112781813142224	0.45193423601092	11	23	9117	26730000	509
20220929 161829	binary	custom	TRUE	TRUE	FALSE	-100	-1	0	0	0	31	433	TRUE	113111	0.0150721387929881	0.461677929663661	16	25	8495	26930000	510
20220929 162012	binary	custom	TRUE	TRUE	FALSE	-100	-1	0	0	0	31	236	TRUE	113111	0.0175709411062857	0.447733285445711	945	16	8790	26820000	511
20220929 162209	binary	custom	TRUE	TRUE	FALSE	-100	-1	0	0	0	31	233	TRUE	113111	0.0240414290645728	0.431454326557281	910	135	8853	26540000	512
20220929 162648	binary	custom	TRUE	TRUE	FALSE	-100	-1	0	0	0	31	1177	TRUE	113111	0.00661055886823942	0.268268062707013	32	16	9140	27160000	513
20220929 162752	binary	custom	TRUE	TRUE	FALSE	-100	-1	0	0	0	31	121	TRUE	113111	0.0350907329317645	0.415119171258508	1338	371	8724	26080000	514
20220929 163628	binary	custom	TRUE	TRUE	FALSE	-100	-1	0	0	0	31	2716	TRUE	113111	0.00501491177945379	0.271864807495152	5299	270	9311	26180000	515
20220929 164039	binary	custom	TRUE	TRUE	FALSE	-100	-1	0	0	0	31	694	TRUE	113111	0.0050400149778027	0.69486209051091	2005	21	8766	26310000	516
20220929 164711	binary	custom	TRUE	TRUE	FALSE	-100	-1	0	0	0	31	1168	TRUE	113111	0.00502727408312468	0.663715485858428	2004	137	9088	26230000	517
20220929 165211	binary	custom	TRUE	TRUE	FALSE	-100	-1	0	0	0	31	707	TRUE	113111	0.00501878643648334	0.60088447203961	887	28	9645	26710000	518
20220929 170131	binary	custom	TRUE	TRUE	FALSE	-100	-1	0	0	0	31	2862	TRUE	113111	0.00502457493220972	0.228131019886191	205	58	9833	26580000	519
20220929 170243	binary	custom	TRUE	TRUE	FALSE	-100	-1	0	0	0	31	101	TRUE	113111	0.0342891271352349	0.559779470214306	2111	66	9097	25570000	520
