max_depth	min_split	ganancia_promedio
4	1000	-1	500	20094667
4	1000	-1	400	20334667
4	1000	-1	300	20236000
4	1000	-1	200	20200000
4	1000	-1	100	20006667
4	1000	-1	50	19426667
4	1000	-1	20	19752000
4	1000	-1	10	19401333
4	1000	-1	1	18798667
4	1000	0	500	0
4	1000	0	400	0
4	1000	0	300	0
4	1000	0	200	0
4	1000	0	100	0
4	1000	0	50	0
4	1000	0	20	0
4	1000	0	10	0
4	1000	0	1	17553333
4	1000	0.001	500	0
4	1000	0.001	400	0
4	1000	0.001	300	0
4	1000	0.001	200	0
4	1000	0.001	100	0
4	1000	0.001	50	0
4	1000	0.001	20	0
4	1000	0.001	10	0
4	1000	0.001	1	0
4	1000	0.01	500	0
4	1000	0.01	400	0
4	1000	0.01	300	0
4	1000	0.01	200	0
4	1000	0.01	100	0
4	1000	0.01	50	0
4	1000	0.01	20	0
4	1000	0.01	10	0
4	1000	0.01	1	0
4	1000	0.1	500	0
4	1000	0.1	400	0
4	1000	0.1	300	0
4	1000	0.1	200	0
4	1000	0.1	100	0
4	1000	0.1	50	0
4	1000	0.1	20	0
4	1000	0.1	10	0
4	1000	0.1	1	0
4	1000	0.5	500	0
4	1000	0.5	400	0
4	1000	0.5	300	0
4	1000	0.5	200	0
4	1000	0.5	100	0
4	1000	0.5	50	0
4	1000	0.5	20	0
4	1000	0.5	10	0
4	1000	0.5	1	0
4	1000	1	500	0
4	1000	1	400	0
4	1000	1	300	0
4	1000	1	200	0
4	1000	1	100	0
4	1000	1	50	0
4	1000	1	20	0
4	1000	1	10	0
4	1000	1	1	0
4	1000	5	500	0
4	1000	5	400	0
4	1000	5	300	0
4	1000	5	200	0
4	1000	5	100	0
4	1000	5	50	0
4	1000	5	20	0
4	1000	5	10	0
4	1000	5	1	0
4	800	-1	500	20094667
4	800	-1	400	20334667
4	800	-1	300	20236000
4	800	-1	200	20200000
4	800	-1	100	20006667
4	800	-1	50	19426667
4	800	-1	20	19752000
4	800	-1	10	19401333
4	800	-1	1	18798667
4	800	0	500	0
4	800	0	400	0
4	800	0	300	0
4	800	0	200	0
4	800	0	100	0
4	800	0	50	0
4	800	0	20	0
4	800	0	10	0
4	800	0	1	17553333
4	800	0.001	500	0
4	800	0.001	400	0
4	800	0.001	300	0
4	800	0.001	200	0
4	800	0.001	100	0
4	800	0.001	50	0
4	800	0.001	20	0
4	800	0.001	10	0
4	800	0.001	1	0
4	800	0.01	500	0
4	800	0.01	400	0
4	800	0.01	300	0
4	800	0.01	200	0
4	800	0.01	100	0
4	800	0.01	50	0
4	800	0.01	20	0
4	800	0.01	10	0
4	800	0.01	1	0
4	800	0.1	500	0
4	800	0.1	400	0
4	800	0.1	300	0
4	800	0.1	200	0
4	800	0.1	100	0
4	800	0.1	50	0
4	800	0.1	20	0
4	800	0.1	10	0
4	800	0.1	1	0
4	800	0.5	500	0
4	800	0.5	400	0
4	800	0.5	300	0
4	800	0.5	200	0
4	800	0.5	100	0
4	800	0.5	50	0
4	800	0.5	20	0
4	800	0.5	10	0
4	800	0.5	1	0
4	800	1	500	0
4	800	1	400	0
4	800	1	300	0
4	800	1	200	0
4	800	1	100	0
4	800	1	50	0
4	800	1	20	0
4	800	1	10	0
4	800	1	1	0
4	800	5	500	0
4	800	5	400	0
4	800	5	300	0
4	800	5	200	0
4	800	5	100	0
4	800	5	50	0
4	800	5	20	0
4	800	5	10	0
4	800	5	1	0
4	600	-1	500	20094667
4	600	-1	400	20334667
4	600	-1	300	20236000
4	600	-1	200	20200000
4	600	-1	100	20006667
4	600	-1	50	19252000
4	600	-1	20	19677333
4	600	-1	10	19424000
4	600	-1	1	18744000
4	600	0	500	0
4	600	0	400	0
4	600	0	300	0
4	600	0	200	0
4	600	0	100	0
4	600	0	50	0
4	600	0	20	0
4	600	0	10	0
4	600	0	1	17552000
4	600	0.001	500	0
4	600	0.001	400	0
4	600	0.001	300	0
4	600	0.001	200	0
4	600	0.001	100	0
4	600	0.001	50	0
4	600	0.001	20	0
4	600	0.001	10	0
4	600	0.001	1	0
4	600	0.01	500	0
4	600	0.01	400	0
4	600	0.01	300	0
4	600	0.01	200	0
4	600	0.01	100	0
4	600	0.01	50	0
4	600	0.01	20	0
4	600	0.01	10	0
4	600	0.01	1	0
4	600	0.1	500	0
4	600	0.1	400	0
4	600	0.1	300	0
4	600	0.1	200	0
4	600	0.1	100	0
4	600	0.1	50	0
4	600	0.1	20	0
4	600	0.1	10	0
4	600	0.1	1	0
4	600	0.5	500	0
4	600	0.5	400	0
4	600	0.5	300	0
4	600	0.5	200	0
4	600	0.5	100	0
4	600	0.5	50	0
4	600	0.5	20	0
4	600	0.5	10	0
4	600	0.5	1	0
4	600	1	500	0
4	600	1	400	0
4	600	1	300	0
4	600	1	200	0
4	600	1	100	0
4	600	1	50	0
4	600	1	20	0
4	600	1	10	0
4	600	1	1	0
4	600	5	500	0
4	600	5	400	0
4	600	5	300	0
4	600	5	200	0
4	600	5	100	0
4	600	5	50	0
4	600	5	20	0
4	600	5	10	0
4	600	5	1	0
4	400	-1	500	20094667
4	400	-1	400	20334667
4	400	-1	300	20236000
4	400	-1	200	20008000
4	400	-1	100	20017333
4	400	-1	50	19096000
4	400	-1	20	19536000
4	400	-1	10	19282667
4	400	-1	1	18708000
4	400	0	500	0
4	400	0	400	0
4	400	0	300	0
4	400	0	200	0
4	400	0	100	0
4	400	0	50	0
4	400	0	20	0
4	400	0	10	0
4	400	0	1	17838667
4	400	0.001	500	0
4	400	0.001	400	0
4	400	0.001	300	0
4	400	0.001	200	0
4	400	0.001	100	0
4	400	0.001	50	0
4	400	0.001	20	0
4	400	0.001	10	0
4	400	0.001	1	0
4	400	0.01	500	0
4	400	0.01	400	0
4	400	0.01	300	0
4	400	0.01	200	0
4	400	0.01	100	0
4	400	0.01	50	0
4	400	0.01	20	0
4	400	0.01	10	0
4	400	0.01	1	0
4	400	0.1	500	0
4	400	0.1	400	0
4	400	0.1	300	0
4	400	0.1	200	0
4	400	0.1	100	0
4	400	0.1	50	0
4	400	0.1	20	0
4	400	0.1	10	0
4	400	0.1	1	0
4	400	0.5	500	0
4	400	0.5	400	0
4	400	0.5	300	0
4	400	0.5	200	0
4	400	0.5	100	0
4	400	0.5	50	0
4	400	0.5	20	0
4	400	0.5	10	0
4	400	0.5	1	0
4	400	1	500	0
4	400	1	400	0
4	400	1	300	0
4	400	1	200	0
4	400	1	100	0
4	400	1	50	0
4	400	1	20	0
4	400	1	10	0
4	400	1	1	0
4	400	5	500	0
4	400	5	400	0
4	400	5	300	0
4	400	5	200	0
4	400	5	100	0
4	400	5	50	0
4	400	5	20	0
4	400	5	10	0
4	400	5	1	0
4	200	-1	500	20094667
4	200	-1	400	20334667
4	200	-1	300	20236000
4	200	-1	200	20008000
4	200	-1	100	19920000
4	200	-1	50	18998667
4	200	-1	20	19438667
4	200	-1	10	19185333
4	200	-1	1	18610667
4	200	0	500	0
4	200	0	400	0
4	200	0	300	0
4	200	0	200	0
4	200	0	100	0
4	200	0	50	0
4	200	0	20	0
4	200	0	10	0
4	200	0	1	17838667
4	200	0.001	500	0
4	200	0.001	400	0
4	200	0.001	300	0
4	200	0.001	200	0
4	200	0.001	100	0
4	200	0.001	50	0
4	200	0.001	20	0
4	200	0.001	10	0
4	200	0.001	1	0
4	200	0.01	500	0
4	200	0.01	400	0
4	200	0.01	300	0
4	200	0.01	200	0
4	200	0.01	100	0
4	200	0.01	50	0
4	200	0.01	20	0
4	200	0.01	10	0
4	200	0.01	1	0
4	200	0.1	500	0
4	200	0.1	400	0
4	200	0.1	300	0
4	200	0.1	200	0
4	200	0.1	100	0
4	200	0.1	50	0
4	200	0.1	20	0
4	200	0.1	10	0
4	200	0.1	1	0
4	200	0.5	500	0
4	200	0.5	400	0
4	200	0.5	300	0
4	200	0.5	200	0
4	200	0.5	100	0
4	200	0.5	50	0
4	200	0.5	20	0
4	200	0.5	10	0
4	200	0.5	1	0
4	200	1	500	0
4	200	1	400	0
4	200	1	300	0
4	200	1	200	0
4	200	1	100	0
4	200	1	50	0
4	200	1	20	0
4	200	1	10	0
4	200	1	1	0
4	200	5	500	0
4	200	5	400	0
4	200	5	300	0
4	200	5	200	0
4	200	5	100	0
4	200	5	50	0
4	200	5	20	0
4	200	5	10	0
4	200	5	1	0
4	100	-1	500	20094667
4	100	-1	400	20334667
4	100	-1	300	20236000
4	100	-1	200	20008000
4	100	-1	100	19920000
4	100	-1	50	18998667
4	100	-1	20	19438667
4	100	-1	10	19185333
4	100	-1	1	18610667
4	100	0	500	0
4	100	0	400	0
4	100	0	300	0
4	100	0	200	0
4	100	0	100	0
4	100	0	50	0
4	100	0	20	0
4	100	0	10	0
4	100	0	1	17838667
4	100	0.001	500	0
4	100	0.001	400	0
4	100	0.001	300	0
4	100	0.001	200	0
4	100	0.001	100	0
4	100	0.001	50	0
4	100	0.001	20	0
4	100	0.001	10	0
4	100	0.001	1	0
4	100	0.01	500	0
4	100	0.01	400	0
4	100	0.01	300	0
4	100	0.01	200	0
4	100	0.01	100	0
4	100	0.01	50	0
4	100	0.01	20	0
4	100	0.01	10	0
4	100	0.01	1	0
4	100	0.1	500	0
4	100	0.1	400	0
4	100	0.1	300	0
4	100	0.1	200	0
4	100	0.1	100	0
4	100	0.1	50	0
4	100	0.1	20	0
4	100	0.1	10	0
4	100	0.1	1	0
4	100	0.5	500	0
4	100	0.5	400	0
4	100	0.5	300	0
4	100	0.5	200	0
4	100	0.5	100	0
4	100	0.5	50	0
4	100	0.5	20	0
4	100	0.5	10	0
4	100	0.5	1	0
4	100	1	500	0
4	100	1	400	0
4	100	1	300	0
4	100	1	200	0
4	100	1	100	0
4	100	1	50	0
4	100	1	20	0
4	100	1	10	0
4	100	1	1	0
4	100	5	500	0
4	100	5	400	0
4	100	5	300	0
4	100	5	200	0
4	100	5	100	0
4	100	5	50	0
4	100	5	20	0
4	100	5	10	0
4	100	5	1	0
4	50	-1	500	20094667
4	50	-1	400	20334667
4	50	-1	300	20236000
4	50	-1	200	20008000
4	50	-1	100	19920000
4	50	-1	50	18998667
4	50	-1	20	19438667
4	50	-1	10	19185333
4	50	-1	1	18610667
4	50	0	500	0
4	50	0	400	0
4	50	0	300	0
4	50	0	200	0
4	50	0	100	0
4	50	0	50	0
4	50	0	20	0
4	50	0	10	0
4	50	0	1	17838667
4	50	0.001	500	0
4	50	0.001	400	0
4	50	0.001	300	0
4	50	0.001	200	0
4	50	0.001	100	0
4	50	0.001	50	0
4	50	0.001	20	0
4	50	0.001	10	0
4	50	0.001	1	0
4	50	0.01	500	0
4	50	0.01	400	0
4	50	0.01	300	0
4	50	0.01	200	0
4	50	0.01	100	0
4	50	0.01	50	0
4	50	0.01	20	0
4	50	0.01	10	0
4	50	0.01	1	0
4	50	0.1	500	0
4	50	0.1	400	0
4	50	0.1	300	0
4	50	0.1	200	0
4	50	0.1	100	0
4	50	0.1	50	0
4	50	0.1	20	0
4	50	0.1	10	0
4	50	0.1	1	0
4	50	0.5	500	0
4	50	0.5	400	0
4	50	0.5	300	0
4	50	0.5	200	0
4	50	0.5	100	0
4	50	0.5	50	0
4	50	0.5	20	0
4	50	0.5	10	0
4	50	0.5	1	0
4	50	1	500	0
4	50	1	400	0
4	50	1	300	0
4	50	1	200	0
4	50	1	100	0
4	50	1	50	0
4	50	1	20	0
4	50	1	10	0
4	50	1	1	0
4	50	5	500	0
4	50	5	400	0
4	50	5	300	0
4	50	5	200	0
4	50	5	100	0
4	50	5	50	0
4	50	5	20	0
4	50	5	10	0
4	50	5	1	0
4	20	-1	500	20094667
4	20	-1	400	20334667
4	20	-1	300	20236000
4	20	-1	200	20008000
4	20	-1	100	19920000
4	20	-1	50	18998667
4	20	-1	20	19438667
4	20	-1	10	19185333
4	20	-1	1	18610667
4	20	0	500	0
4	20	0	400	0
4	20	0	300	0
4	20	0	200	0
4	20	0	100	0
4	20	0	50	0
4	20	0	20	0
4	20	0	10	0
4	20	0	1	17838667
4	20	0.001	500	0
4	20	0.001	400	0
4	20	0.001	300	0
4	20	0.001	200	0
4	20	0.001	100	0
4	20	0.001	50	0
4	20	0.001	20	0
4	20	0.001	10	0
4	20	0.001	1	0
4	20	0.01	500	0
4	20	0.01	400	0
4	20	0.01	300	0
4	20	0.01	200	0
4	20	0.01	100	0
4	20	0.01	50	0
4	20	0.01	20	0
4	20	0.01	10	0
4	20	0.01	1	0
4	20	0.1	500	0
4	20	0.1	400	0
4	20	0.1	300	0
4	20	0.1	200	0
4	20	0.1	100	0
4	20	0.1	50	0
4	20	0.1	20	0
4	20	0.1	10	0
4	20	0.1	1	0
4	20	0.5	500	0
4	20	0.5	400	0
4	20	0.5	300	0
4	20	0.5	200	0
4	20	0.5	100	0
4	20	0.5	50	0
4	20	0.5	20	0
4	20	0.5	10	0
4	20	0.5	1	0
4	20	1	500	0
4	20	1	400	0
4	20	1	300	0
4	20	1	200	0
4	20	1	100	0
4	20	1	50	0
4	20	1	20	0
4	20	1	10	0
4	20	1	1	0
4	20	5	500	0
4	20	5	400	0
4	20	5	300	0
4	20	5	200	0
4	20	5	100	0
4	20	5	50	0
4	20	5	20	0
4	20	5	10	0
4	20	5	1	0
4	10	-1	500	20094667
4	10	-1	400	20334667
4	10	-1	300	20236000
4	10	-1	200	20008000
4	10	-1	100	19920000
4	10	-1	50	18998667
4	10	-1	20	19438667
4	10	-1	10	19185333
4	10	-1	1	18610667
4	10	0	500	0
4	10	0	400	0
4	10	0	300	0
4	10	0	200	0
4	10	0	100	0
4	10	0	50	0
4	10	0	20	0
4	10	0	10	0
4	10	0	1	17838667
4	10	0.001	500	0
4	10	0.001	400	0
4	10	0.001	300	0
4	10	0.001	200	0
4	10	0.001	100	0
4	10	0.001	50	0
4	10	0.001	20	0
4	10	0.001	10	0
4	10	0.001	1	0
4	10	0.01	500	0
4	10	0.01	400	0
4	10	0.01	300	0
4	10	0.01	200	0
4	10	0.01	100	0
4	10	0.01	50	0
4	10	0.01	20	0
4	10	0.01	10	0
4	10	0.01	1	0
4	10	0.1	500	0
4	10	0.1	400	0
4	10	0.1	300	0
4	10	0.1	200	0
4	10	0.1	100	0
4	10	0.1	50	0
4	10	0.1	20	0
4	10	0.1	10	0
4	10	0.1	1	0
4	10	0.5	500	0
4	10	0.5	400	0
4	10	0.5	300	0
4	10	0.5	200	0
4	10	0.5	100	0
4	10	0.5	50	0
4	10	0.5	20	0
4	10	0.5	10	0
4	10	0.5	1	0
4	10	1	500	0
4	10	1	400	0
4	10	1	300	0
4	10	1	200	0
4	10	1	100	0
4	10	1	50	0
4	10	1	20	0
4	10	1	10	0
4	10	1	1	0
4	10	5	500	0
4	10	5	400	0
4	10	5	300	0
4	10	5	200	0
4	10	5	100	0
4	10	5	50	0
4	10	5	20	0
4	10	5	10	0
4	10	5	1	0
6	1000	-1	500	20378667
6	1000	-1	400	20424000
6	1000	-1	300	20789333
6	1000	-1	200	20614667
6	1000	-1	100	21165333
6	1000	-1	50	21338667
6	1000	-1	20	20601333
6	1000	-1	10	19877333
6	1000	-1	1	18952000
6	1000	0	500	0
6	1000	0	400	0
6	1000	0	300	0
6	1000	0	200	0
6	1000	0	100	0
6	1000	0	50	0
6	1000	0	20	0
6	1000	0	10	0
6	1000	0	1	18806667
6	1000	0.001	500	0
6	1000	0.001	400	0
6	1000	0.001	300	0
6	1000	0.001	200	0
6	1000	0.001	100	0
6	1000	0.001	50	0
6	1000	0.001	20	0
6	1000	0.001	10	0
6	1000	0.001	1	0
6	1000	0.01	500	0
6	1000	0.01	400	0
6	1000	0.01	300	0
6	1000	0.01	200	0
6	1000	0.01	100	0
6	1000	0.01	50	0
6	1000	0.01	20	0
6	1000	0.01	10	0
6	1000	0.01	1	0
6	1000	0.1	500	0
6	1000	0.1	400	0
6	1000	0.1	300	0
6	1000	0.1	200	0
6	1000	0.1	100	0
6	1000	0.1	50	0
6	1000	0.1	20	0
6	1000	0.1	10	0
6	1000	0.1	1	0
6	1000	0.5	500	0
6	1000	0.5	400	0
6	1000	0.5	300	0
6	1000	0.5	200	0
6	1000	0.5	100	0
6	1000	0.5	50	0
6	1000	0.5	20	0
6	1000	0.5	10	0
6	1000	0.5	1	0
6	1000	1	500	0
6	1000	1	400	0
6	1000	1	300	0
6	1000	1	200	0
6	1000	1	100	0
6	1000	1	50	0
6	1000	1	20	0
6	1000	1	10	0
6	1000	1	1	0
6	1000	5	500	0
6	1000	5	400	0
6	1000	5	300	0
6	1000	5	200	0
6	1000	5	100	0
6	1000	5	50	0
6	1000	5	20	0
6	1000	5	10	0
6	1000	5	1	0
6	800	-1	500	20378667
6	800	-1	400	20712000
6	800	-1	300	21177333
6	800	-1	200	20778667
6	800	-1	100	21170667
6	800	-1	50	21349333
6	800	-1	20	21005333
6	800	-1	10	20288000
6	800	-1	1	18952000
6	800	0	500	0
6	800	0	400	0
6	800	0	300	0
6	800	0	200	0
6	800	0	100	0
6	800	0	50	0
6	800	0	20	0
6	800	0	10	0
6	800	0	1	18806667
6	800	0.001	500	0
6	800	0.001	400	0
6	800	0.001	300	0
6	800	0.001	200	0
6	800	0.001	100	0
6	800	0.001	50	0
6	800	0.001	20	0
6	800	0.001	10	0
6	800	0.001	1	0
6	800	0.01	500	0
6	800	0.01	400	0
6	800	0.01	300	0
6	800	0.01	200	0
6	800	0.01	100	0
6	800	0.01	50	0
6	800	0.01	20	0
6	800	0.01	10	0
6	800	0.01	1	0
6	800	0.1	500	0
6	800	0.1	400	0
6	800	0.1	300	0
6	800	0.1	200	0
6	800	0.1	100	0
6	800	0.1	50	0
6	800	0.1	20	0
6	800	0.1	10	0
6	800	0.1	1	0
6	800	0.5	500	0
6	800	0.5	400	0
6	800	0.5	300	0
6	800	0.5	200	0
6	800	0.5	100	0
6	800	0.5	50	0
6	800	0.5	20	0
6	800	0.5	10	0
6	800	0.5	1	0
6	800	1	500	0
6	800	1	400	0
6	800	1	300	0
6	800	1	200	0
6	800	1	100	0
6	800	1	50	0
6	800	1	20	0
6	800	1	10	0
6	800	1	1	0
6	800	5	500	0
6	800	5	400	0
6	800	5	300	0
6	800	5	200	0
6	800	5	100	0
6	800	5	50	0
6	800	5	20	0
6	800	5	10	0
6	800	5	1	0
6	600	-1	500	20378667
6	600	-1	400	20712000
6	600	-1	300	21296000
6	600	-1	200	20848000
6	600	-1	100	21049333
6	600	-1	50	21045333
6	600	-1	20	20596000
6	600	-1	10	20164000
6	600	-1	1	19168000
6	600	0	500	0
6	600	0	400	0
6	600	0	300	0
6	600	0	200	0
6	600	0	100	0
6	600	0	50	0
6	600	0	20	0
6	600	0	10	0
6	600	0	1	18748000
6	600	0.001	500	0
6	600	0.001	400	0
6	600	0.001	300	0
6	600	0.001	200	0
6	600	0.001	100	0
6	600	0.001	50	0
6	600	0.001	20	0
6	600	0.001	10	0
6	600	0.001	1	0
6	600	0.01	500	0
6	600	0.01	400	0
6	600	0.01	300	0
6	600	0.01	200	0
6	600	0.01	100	0
6	600	0.01	50	0
6	600	0.01	20	0
6	600	0.01	10	0
6	600	0.01	1	0
6	600	0.1	500	0
6	600	0.1	400	0
6	600	0.1	300	0
6	600	0.1	200	0
6	600	0.1	100	0
6	600	0.1	50	0
6	600	0.1	20	0
6	600	0.1	10	0
6	600	0.1	1	0
6	600	0.5	500	0
6	600	0.5	400	0
6	600	0.5	300	0
6	600	0.5	200	0
6	600	0.5	100	0
6	600	0.5	50	0
6	600	0.5	20	0
6	600	0.5	10	0
6	600	0.5	1	0
6	600	1	500	0
6	600	1	400	0
6	600	1	300	0
6	600	1	200	0
6	600	1	100	0
6	600	1	50	0
6	600	1	20	0
6	600	1	10	0
6	600	1	1	0
6	600	5	500	0
6	600	5	400	0
6	600	5	300	0
6	600	5	200	0
6	600	5	100	0
6	600	5	50	0
6	600	5	20	0
6	600	5	10	0
6	600	5	1	0
6	400	-1	500	20378667
6	400	-1	400	20712000
6	400	-1	300	21296000
6	400	-1	200	20640000
6	400	-1	100	20802667
6	400	-1	50	20690667
6	400	-1	20	20520000
6	400	-1	10	20122667
6	400	-1	1	19248000
6	400	0	500	0
6	400	0	400	0
6	400	0	300	0
6	400	0	200	0
6	400	0	100	0
6	400	0	50	0
6	400	0	20	0
6	400	0	10	0
6	400	0	1	18833333
6	400	0.001	500	0
6	400	0.001	400	0
6	400	0.001	300	0
6	400	0.001	200	0
6	400	0.001	100	0
6	400	0.001	50	0
6	400	0.001	20	0
6	400	0.001	10	0
6	400	0.001	1	0
6	400	0.01	500	0
6	400	0.01	400	0
6	400	0.01	300	0
6	400	0.01	200	0
6	400	0.01	100	0
6	400	0.01	50	0
6	400	0.01	20	0
6	400	0.01	10	0
6	400	0.01	1	0
6	400	0.1	500	0
6	400	0.1	400	0
6	400	0.1	300	0
6	400	0.1	200	0
6	400	0.1	100	0
6	400	0.1	50	0
6	400	0.1	20	0
6	400	0.1	10	0
6	400	0.1	1	0
6	400	0.5	500	0
6	400	0.5	400	0
6	400	0.5	300	0
6	400	0.5	200	0
6	400	0.5	100	0
6	400	0.5	50	0
6	400	0.5	20	0
6	400	0.5	10	0
6	400	0.5	1	0
6	400	1	500	0
6	400	1	400	0
6	400	1	300	0
6	400	1	200	0
6	400	1	100	0
6	400	1	50	0
6	400	1	20	0
6	400	1	10	0
6	400	1	1	0
6	400	5	500	0
6	400	5	400	0
6	400	5	300	0
6	400	5	200	0
6	400	5	100	0
6	400	5	50	0
6	400	5	20	0
6	400	5	10	0
6	400	5	1	0
6	200	-1	500	20378667
6	200	-1	400	20712000
6	200	-1	300	21296000
6	200	-1	200	20640000
6	200	-1	100	20905333
6	200	-1	50	20701333
6	200	-1	20	20485333
6	200	-1	10	20318667
6	200	-1	1	19144000
6	200	0	500	0
6	200	0	400	0
6	200	0	300	0
6	200	0	200	0
6	200	0	100	0
6	200	0	50	0
6	200	0	20	0
6	200	0	10	0
6	200	0	1	19336000
6	200	0.001	500	0
6	200	0.001	400	0
6	200	0.001	300	0
6	200	0.001	200	0
6	200	0.001	100	0
6	200	0.001	50	0
6	200	0.001	20	0
6	200	0.001	10	0
6	200	0.001	1	0
6	200	0.01	500	0
6	200	0.01	400	0
6	200	0.01	300	0
6	200	0.01	200	0
6	200	0.01	100	0
6	200	0.01	50	0
6	200	0.01	20	0
6	200	0.01	10	0
6	200	0.01	1	0
6	200	0.1	500	0
6	200	0.1	400	0
6	200	0.1	300	0
6	200	0.1	200	0
6	200	0.1	100	0
6	200	0.1	50	0
6	200	0.1	20	0
6	200	0.1	10	0
6	200	0.1	1	0
6	200	0.5	500	0
6	200	0.5	400	0
6	200	0.5	300	0
6	200	0.5	200	0
6	200	0.5	100	0
6	200	0.5	50	0
6	200	0.5	20	0
6	200	0.5	10	0
6	200	0.5	1	0
6	200	1	500	0
6	200	1	400	0
6	200	1	300	0
6	200	1	200	0
6	200	1	100	0
6	200	1	50	0
6	200	1	20	0
6	200	1	10	0
6	200	1	1	0
6	200	5	500	0
6	200	5	400	0
6	200	5	300	0
6	200	5	200	0
6	200	5	100	0
6	200	5	50	0
6	200	5	20	0
6	200	5	10	0
6	200	5	1	0
6	100	-1	500	20378667
6	100	-1	400	20712000
6	100	-1	300	21296000
6	100	-1	200	20640000
6	100	-1	100	20905333
6	100	-1	50	21034667
6	100	-1	20	20664000
6	100	-1	10	20604000
6	100	-1	1	19238667
6	100	0	500	0
6	100	0	400	0
6	100	0	300	0
6	100	0	200	0
6	100	0	100	0
6	100	0	50	0
6	100	0	20	0
6	100	0	10	3472000
6	100	0	1	19352000
6	100	0.001	500	0
6	100	0.001	400	0
6	100	0.001	300	0
6	100	0.001	200	0
6	100	0.001	100	0
6	100	0.001	50	0
6	100	0.001	20	0
6	100	0.001	10	0
6	100	0.001	1	0
6	100	0.01	500	0
6	100	0.01	400	0
6	100	0.01	300	0
6	100	0.01	200	0
6	100	0.01	100	0
6	100	0.01	50	0
6	100	0.01	20	0
6	100	0.01	10	0
6	100	0.01	1	0
6	100	0.1	500	0
6	100	0.1	400	0
6	100	0.1	300	0
6	100	0.1	200	0
6	100	0.1	100	0
6	100	0.1	50	0
6	100	0.1	20	0
6	100	0.1	10	0
6	100	0.1	1	0
6	100	0.5	500	0
6	100	0.5	400	0
6	100	0.5	300	0
6	100	0.5	200	0
6	100	0.5	100	0
6	100	0.5	50	0
6	100	0.5	20	0
6	100	0.5	10	0
6	100	0.5	1	0
6	100	1	500	0
6	100	1	400	0
6	100	1	300	0
6	100	1	200	0
6	100	1	100	0
6	100	1	50	0
6	100	1	20	0
6	100	1	10	0
6	100	1	1	0
6	100	5	500	0
6	100	5	400	0
6	100	5	300	0
6	100	5	200	0
6	100	5	100	0
6	100	5	50	0
6	100	5	20	0
6	100	5	10	0
6	100	5	1	0
6	50	-1	500	20378667
6	50	-1	400	20712000
6	50	-1	300	21296000
6	50	-1	200	20640000
6	50	-1	100	20905333
6	50	-1	50	21034667
6	50	-1	20	20637333
6	50	-1	10	20640000
6	50	-1	1	19317333
6	50	0	500	0
6	50	0	400	0
6	50	0	300	0
6	50	0	200	0
6	50	0	100	0
6	50	0	50	0
6	50	0	20	17149333
6	50	0	10	17149333
6	50	0	1	19430667
6	50	0.001	500	0
6	50	0.001	400	0
6	50	0.001	300	0
6	50	0.001	200	0
6	50	0.001	100	0
6	50	0.001	50	0
6	50	0.001	20	3053333
6	50	0.001	10	3053333
6	50	0.001	1	6380000
6	50	0.01	500	0
6	50	0.01	400	0
6	50	0.01	300	0
6	50	0.01	200	0
6	50	0.01	100	0
6	50	0.01	50	0
6	50	0.01	20	0
6	50	0.01	10	0
6	50	0.01	1	0
6	50	0.1	500	0
6	50	0.1	400	0
6	50	0.1	300	0
6	50	0.1	200	0
6	50	0.1	100	0
6	50	0.1	50	0
6	50	0.1	20	0
6	50	0.1	10	0
6	50	0.1	1	0
6	50	0.5	500	0
6	50	0.5	400	0
6	50	0.5	300	0
6	50	0.5	200	0
6	50	0.5	100	0
6	50	0.5	50	0
6	50	0.5	20	0
6	50	0.5	10	0
6	50	0.5	1	0
6	50	1	500	0
6	50	1	400	0
6	50	1	300	0
6	50	1	200	0
6	50	1	100	0
6	50	1	50	0
6	50	1	20	0
6	50	1	10	0
6	50	1	1	0
6	50	5	500	0
6	50	5	400	0
6	50	5	300	0
6	50	5	200	0
6	50	5	100	0
6	50	5	50	0
6	50	5	20	0
6	50	5	10	0
6	50	5	1	0
6	20	-1	500	20378667
6	20	-1	400	20712000
6	20	-1	300	21296000
6	20	-1	200	20640000
6	20	-1	100	20905333
6	20	-1	50	21034667
6	20	-1	20	20653333
6	20	-1	10	20758667
6	20	-1	1	19317333
6	20	0	500	0
6	20	0	400	0
6	20	0	300	0
6	20	0	200	0
6	20	0	100	0
6	20	0	50	0
6	20	0	20	17149333
6	20	0	10	17197333
6	20	0	1	19406667
6	20	0.001	500	0
6	20	0.001	400	0
6	20	0.001	300	0
6	20	0.001	200	0
6	20	0.001	100	0
6	20	0.001	50	0
6	20	0.001	20	3053333
6	20	0.001	10	3053333
6	20	0.001	1	6380000
6	20	0.01	500	0
6	20	0.01	400	0
6	20	0.01	300	0
6	20	0.01	200	0
6	20	0.01	100	0
6	20	0.01	50	0
6	20	0.01	20	0
6	20	0.01	10	0
6	20	0.01	1	0
6	20	0.1	500	0
6	20	0.1	400	0
6	20	0.1	300	0
6	20	0.1	200	0
6	20	0.1	100	0
6	20	0.1	50	0
6	20	0.1	20	0
6	20	0.1	10	0
6	20	0.1	1	0
6	20	0.5	500	0
6	20	0.5	400	0
6	20	0.5	300	0
6	20	0.5	200	0
6	20	0.5	100	0
6	20	0.5	50	0
6	20	0.5	20	0
6	20	0.5	10	0
6	20	0.5	1	0
6	20	1	500	0
6	20	1	400	0
6	20	1	300	0
6	20	1	200	0
6	20	1	100	0
6	20	1	50	0
6	20	1	20	0
6	20	1	10	0
6	20	1	1	0
6	20	5	500	0
6	20	5	400	0
6	20	5	300	0
6	20	5	200	0
6	20	5	100	0
6	20	5	50	0
6	20	5	20	0
6	20	5	10	0
6	20	5	1	0
6	10	-1	500	20378667
6	10	-1	400	20712000
6	10	-1	300	21296000
6	10	-1	200	20640000
6	10	-1	100	20905333
6	10	-1	50	21034667
6	10	-1	20	20653333
6	10	-1	10	20758667
6	10	-1	1	19330667
6	10	0	500	0
6	10	0	400	0
6	10	0	300	0
6	10	0	200	0
6	10	0	100	0
6	10	0	50	0
6	10	0	20	17149333
6	10	0	10	17197333
6	10	0	1	19414667
6	10	0.001	500	0
6	10	0.001	400	0
6	10	0.001	300	0
6	10	0.001	200	0
6	10	0.001	100	0
6	10	0.001	50	0
6	10	0.001	20	3053333
6	10	0.001	10	3053333
6	10	0.001	1	6486667
6	10	0.01	500	0
6	10	0.01	400	0
6	10	0.01	300	0
6	10	0.01	200	0
6	10	0.01	100	0
6	10	0.01	50	0
6	10	0.01	20	0
6	10	0.01	10	0
6	10	0.01	1	0
6	10	0.1	500	0
6	10	0.1	400	0
6	10	0.1	300	0
6	10	0.1	200	0
6	10	0.1	100	0
6	10	0.1	50	0
6	10	0.1	20	0
6	10	0.1	10	0
6	10	0.1	1	0
6	10	0.5	500	0
6	10	0.5	400	0
6	10	0.5	300	0
6	10	0.5	200	0
6	10	0.5	100	0
6	10	0.5	50	0
6	10	0.5	20	0
6	10	0.5	10	0
6	10	0.5	1	0
6	10	1	500	0
6	10	1	400	0
6	10	1	300	0
6	10	1	200	0
6	10	1	100	0
6	10	1	50	0
6	10	1	20	0
6	10	1	10	0
6	10	1	1	0
6	10	5	500	0
6	10	5	400	0
6	10	5	300	0
6	10	5	200	0
6	10	5	100	0
6	10	5	50	0
6	10	5	20	0
6	10	5	10	0
6	10	5	1	0
8	1000	-1	500	20310667
8	1000	-1	400	20306667
8	1000	-1	300	20181333
8	1000	-1	200	20272000
8	1000	-1	100	20338667
8	1000	-1	50	21081333
8	1000	-1	20	20866667
8	1000	-1	10	20438667
8	1000	-1	1	19801333
8	1000	0	500	0
8	1000	0	400	0
8	1000	0	300	0
8	1000	0	200	0
8	1000	0	100	0
8	1000	0	50	0
8	1000	0	20	0
8	1000	0	10	0
8	1000	0	1	18942667
8	1000	0.001	500	0
8	1000	0.001	400	0
8	1000	0.001	300	0
8	1000	0.001	200	0
8	1000	0.001	100	0
8	1000	0.001	50	0
8	1000	0.001	20	0
8	1000	0.001	10	0
8	1000	0.001	1	0
8	1000	0.01	500	0
8	1000	0.01	400	0
8	1000	0.01	300	0
8	1000	0.01	200	0
8	1000	0.01	100	0
8	1000	0.01	50	0
8	1000	0.01	20	0
8	1000	0.01	10	0
8	1000	0.01	1	0
8	1000	0.1	500	0
8	1000	0.1	400	0
8	1000	0.1	300	0
8	1000	0.1	200	0
8	1000	0.1	100	0
8	1000	0.1	50	0
8	1000	0.1	20	0
8	1000	0.1	10	0
8	1000	0.1	1	0
8	1000	0.5	500	0
8	1000	0.5	400	0
8	1000	0.5	300	0
8	1000	0.5	200	0
8	1000	0.5	100	0
8	1000	0.5	50	0
8	1000	0.5	20	0
8	1000	0.5	10	0
8	1000	0.5	1	0
8	1000	1	500	0
8	1000	1	400	0
8	1000	1	300	0
8	1000	1	200	0
8	1000	1	100	0
8	1000	1	50	0
8	1000	1	20	0
8	1000	1	10	0
8	1000	1	1	0
8	1000	5	500	0
8	1000	5	400	0
8	1000	5	300	0
8	1000	5	200	0
8	1000	5	100	0
8	1000	5	50	0
8	1000	5	20	0
8	1000	5	10	0
8	1000	5	1	0
8	800	-1	500	20310667
8	800	-1	400	20145333
8	800	-1	300	19916000
8	800	-1	200	19970667
8	800	-1	100	20061333
8	800	-1	50	21246667
8	800	-1	20	21328000
8	800	-1	10	20926667
8	800	-1	1	20086667
8	800	0	500	0
8	800	0	400	0
8	800	0	300	0
8	800	0	200	0
8	800	0	100	0
8	800	0	50	0
8	800	0	20	0
8	800	0	10	0
8	800	0	1	19301333
8	800	0.001	500	0
8	800	0.001	400	0
8	800	0.001	300	0
8	800	0.001	200	0
8	800	0.001	100	0
8	800	0.001	50	0
8	800	0.001	20	0
8	800	0.001	10	0
8	800	0.001	1	0
8	800	0.01	500	0
8	800	0.01	400	0
8	800	0.01	300	0
8	800	0.01	200	0
8	800	0.01	100	0
8	800	0.01	50	0
8	800	0.01	20	0
8	800	0.01	10	0
8	800	0.01	1	0
8	800	0.1	500	0
8	800	0.1	400	0
8	800	0.1	300	0
8	800	0.1	200	0
8	800	0.1	100	0
8	800	0.1	50	0
8	800	0.1	20	0
8	800	0.1	10	0
8	800	0.1	1	0
8	800	0.5	500	0
8	800	0.5	400	0
8	800	0.5	300	0
8	800	0.5	200	0
8	800	0.5	100	0
8	800	0.5	50	0
8	800	0.5	20	0
8	800	0.5	10	0
8	800	0.5	1	0
8	800	1	500	0
8	800	1	400	0
8	800	1	300	0
8	800	1	200	0
8	800	1	100	0
8	800	1	50	0
8	800	1	20	0
8	800	1	10	0
8	800	1	1	0
8	800	5	500	0
8	800	5	400	0
8	800	5	300	0
8	800	5	200	0
8	800	5	100	0
8	800	5	50	0
8	800	5	20	0
8	800	5	10	0
8	800	5	1	0
8	600	-1	500	20310667
8	600	-1	400	20145333
8	600	-1	300	20173333
8	600	-1	200	20212000
8	600	-1	100	19642667
8	600	-1	50	20244000
8	600	-1	20	20670667
8	600	-1	10	20725333
8	600	-1	1	20228000
8	600	0	500	0
8	600	0	400	0
8	600	0	300	0
8	600	0	200	0
8	600	0	100	0
8	600	0	50	0
8	600	0	20	0
8	600	0	10	0
8	600	0	1	19386667
8	600	0.001	500	0
8	600	0.001	400	0
8	600	0.001	300	0
8	600	0.001	200	0
8	600	0.001	100	0
8	600	0.001	50	0
8	600	0.001	20	0
8	600	0.001	10	0
8	600	0.001	1	0
8	600	0.01	500	0
8	600	0.01	400	0
8	600	0.01	300	0
8	600	0.01	200	0
8	600	0.01	100	0
8	600	0.01	50	0
8	600	0.01	20	0
8	600	0.01	10	0
8	600	0.01	1	0
8	600	0.1	500	0
8	600	0.1	400	0
8	600	0.1	300	0
8	600	0.1	200	0
8	600	0.1	100	0
8	600	0.1	50	0
8	600	0.1	20	0
8	600	0.1	10	0
8	600	0.1	1	0
8	600	0.5	500	0
8	600	0.5	400	0
8	600	0.5	300	0
8	600	0.5	200	0
8	600	0.5	100	0
8	600	0.5	50	0
8	600	0.5	20	0
8	600	0.5	10	0
8	600	0.5	1	0
8	600	1	500	0
8	600	1	400	0
8	600	1	300	0
8	600	1	200	0
8	600	1	100	0
8	600	1	50	0
8	600	1	20	0
8	600	1	10	0
8	600	1	1	0
8	600	5	500	0
8	600	5	400	0
8	600	5	300	0
8	600	5	200	0
8	600	5	100	0
8	600	5	50	0
8	600	5	20	0
8	600	5	10	0
8	600	5	1	0
8	400	-1	500	20310667
8	400	-1	400	20145333
8	400	-1	300	20173333
8	400	-1	200	19957333
8	400	-1	100	19560000
8	400	-1	50	20008000
8	400	-1	20	19966667
8	400	-1	10	20202667
8	400	-1	1	20348000
8	400	0	500	0
8	400	0	400	0
8	400	0	300	0
8	400	0	200	0
8	400	0	100	0
8	400	0	50	0
8	400	0	20	0
8	400	0	10	0
8	400	0	1	19186667
8	400	0.001	500	0
8	400	0.001	400	0
8	400	0.001	300	0
8	400	0.001	200	0
8	400	0.001	100	0
8	400	0.001	50	0
8	400	0.001	20	0
8	400	0.001	10	0
8	400	0.001	1	0
8	400	0.01	500	0
8	400	0.01	400	0
8	400	0.01	300	0
8	400	0.01	200	0
8	400	0.01	100	0
8	400	0.01	50	0
8	400	0.01	20	0
8	400	0.01	10	0
8	400	0.01	1	0
8	400	0.1	500	0
8	400	0.1	400	0
8	400	0.1	300	0
8	400	0.1	200	0
8	400	0.1	100	0
8	400	0.1	50	0
8	400	0.1	20	0
8	400	0.1	10	0
8	400	0.1	1	0
8	400	0.5	500	0
8	400	0.5	400	0
8	400	0.5	300	0
8	400	0.5	200	0
8	400	0.5	100	0
8	400	0.5	50	0
8	400	0.5	20	0
8	400	0.5	10	0
8	400	0.5	1	0
8	400	1	500	0
8	400	1	400	0
8	400	1	300	0
8	400	1	200	0
8	400	1	100	0
8	400	1	50	0
8	400	1	20	0
8	400	1	10	0
8	400	1	1	0
8	400	5	500	0
8	400	5	400	0
8	400	5	300	0
8	400	5	200	0
8	400	5	100	0
8	400	5	50	0
8	400	5	20	0
8	400	5	10	0
8	400	5	1	0
8	200	-1	500	20310667
8	200	-1	400	20145333
8	200	-1	300	20173333
8	200	-1	200	19957333
8	200	-1	100	19750667
8	200	-1	50	19585333
8	200	-1	20	19753333
8	200	-1	10	20268000
8	200	-1	1	20234667
8	200	0	500	0
8	200	0	400	0
8	200	0	300	0
8	200	0	200	0
8	200	0	100	0
8	200	0	50	0
8	200	0	20	0
8	200	0	10	0
8	200	0	1	19784000
8	200	0.001	500	0
8	200	0.001	400	0
8	200	0.001	300	0
8	200	0.001	200	0
8	200	0.001	100	0
8	200	0.001	50	0
8	200	0.001	20	0
8	200	0.001	10	0
8	200	0.001	1	0
8	200	0.01	500	0
8	200	0.01	400	0
8	200	0.01	300	0
8	200	0.01	200	0
8	200	0.01	100	0
8	200	0.01	50	0
8	200	0.01	20	0
8	200	0.01	10	0
8	200	0.01	1	0
8	200	0.1	500	0
8	200	0.1	400	0
8	200	0.1	300	0
8	200	0.1	200	0
8	200	0.1	100	0
8	200	0.1	50	0
8	200	0.1	20	0
8	200	0.1	10	0
8	200	0.1	1	0
8	200	0.5	500	0
8	200	0.5	400	0
8	200	0.5	300	0
8	200	0.5	200	0
8	200	0.5	100	0
8	200	0.5	50	0
8	200	0.5	20	0
8	200	0.5	10	0
8	200	0.5	1	0
8	200	1	500	0
8	200	1	400	0
8	200	1	300	0
8	200	1	200	0
8	200	1	100	0
8	200	1	50	0
8	200	1	20	0
8	200	1	10	0
8	200	1	1	0
8	200	5	500	0
8	200	5	400	0
8	200	5	300	0
8	200	5	200	0
8	200	5	100	0
8	200	5	50	0
8	200	5	20	0
8	200	5	10	0
8	200	5	1	0
8	100	-1	500	20310667
8	100	-1	400	20145333
8	100	-1	300	20173333
8	100	-1	200	19957333
8	100	-1	100	19750667
8	100	-1	50	19420000
8	100	-1	20	19572000
8	100	-1	10	20137333
8	100	-1	1	20274667
8	100	0	500	0
8	100	0	400	0
8	100	0	300	0
8	100	0	200	0
8	100	0	100	0
8	100	0	50	0
8	100	0	20	0
8	100	0	10	3472000
8	100	0	1	19696000
8	100	0.001	500	0
8	100	0.001	400	0
8	100	0.001	300	0
8	100	0.001	200	0
8	100	0.001	100	0
8	100	0.001	50	0
8	100	0.001	20	0
8	100	0.001	10	0
8	100	0.001	1	0
8	100	0.01	500	0
8	100	0.01	400	0
8	100	0.01	300	0
8	100	0.01	200	0
8	100	0.01	100	0
8	100	0.01	50	0
8	100	0.01	20	0
8	100	0.01	10	0
8	100	0.01	1	0
8	100	0.1	500	0
8	100	0.1	400	0
8	100	0.1	300	0
8	100	0.1	200	0
8	100	0.1	100	0
8	100	0.1	50	0
8	100	0.1	20	0
8	100	0.1	10	0
8	100	0.1	1	0
8	100	0.5	500	0
8	100	0.5	400	0
8	100	0.5	300	0
8	100	0.5	200	0
8	100	0.5	100	0
8	100	0.5	50	0
8	100	0.5	20	0
8	100	0.5	10	0
8	100	0.5	1	0
8	100	1	500	0
8	100	1	400	0
8	100	1	300	0
8	100	1	200	0
8	100	1	100	0
8	100	1	50	0
8	100	1	20	0
8	100	1	10	0
8	100	1	1	0
8	100	5	500	0
8	100	5	400	0
8	100	5	300	0
8	100	5	200	0
8	100	5	100	0
8	100	5	50	0
8	100	5	20	0
8	100	5	10	0
8	100	5	1	0
8	50	-1	500	20310667
8	50	-1	400	20145333
8	50	-1	300	20173333
8	50	-1	200	19957333
8	50	-1	100	19750667
8	50	-1	50	19420000
8	50	-1	20	19512000
8	50	-1	10	20072000
8	50	-1	1	20414667
8	50	0	500	0
8	50	0	400	0
8	50	0	300	0
8	50	0	200	0
8	50	0	100	0
8	50	0	50	0
8	50	0	20	16976000
8	50	0	10	17344000
8	50	0	1	19781333
8	50	0.001	500	0
8	50	0.001	400	0
8	50	0.001	300	0
8	50	0.001	200	0
8	50	0.001	100	0
8	50	0.001	50	0
8	50	0.001	20	6730667
8	50	0.001	10	6686667
8	50	0.001	1	6392000
8	50	0.01	500	0
8	50	0.01	400	0
8	50	0.01	300	0
8	50	0.01	200	0
8	50	0.01	100	0
8	50	0.01	50	0
8	50	0.01	20	0
8	50	0.01	10	0
8	50	0.01	1	0
8	50	0.1	500	0
8	50	0.1	400	0
8	50	0.1	300	0
8	50	0.1	200	0
8	50	0.1	100	0
8	50	0.1	50	0
8	50	0.1	20	0
8	50	0.1	10	0
8	50	0.1	1	0
8	50	0.5	500	0
8	50	0.5	400	0
8	50	0.5	300	0
8	50	0.5	200	0
8	50	0.5	100	0
8	50	0.5	50	0
8	50	0.5	20	0
8	50	0.5	10	0
8	50	0.5	1	0
8	50	1	500	0
8	50	1	400	0
8	50	1	300	0
8	50	1	200	0
8	50	1	100	0
8	50	1	50	0
8	50	1	20	0
8	50	1	10	0
8	50	1	1	0
8	50	5	500	0
8	50	5	400	0
8	50	5	300	0
8	50	5	200	0
8	50	5	100	0
8	50	5	50	0
8	50	5	20	0
8	50	5	10	0
8	50	5	1	0
8	20	-1	500	20310667
8	20	-1	400	20145333
8	20	-1	300	20173333
8	20	-1	200	19957333
8	20	-1	100	19750667
8	20	-1	50	19420000
8	20	-1	20	19518667
8	20	-1	10	20078667
8	20	-1	1	20370667
8	20	0	500	0
8	20	0	400	0
8	20	0	300	0
8	20	0	200	0
8	20	0	100	0
8	20	0	50	0
8	20	0	20	16976000
8	20	0	10	17792000
8	20	0	1	19556000
8	20	0.001	500	0
8	20	0.001	400	0
8	20	0.001	300	0
8	20	0.001	200	0
8	20	0.001	100	0
8	20	0.001	50	0
8	20	0.001	20	6730667
8	20	0.001	10	6640000
8	20	0.001	1	10072000
8	20	0.01	500	0
8	20	0.01	400	0
8	20	0.01	300	0
8	20	0.01	200	0
8	20	0.01	100	0
8	20	0.01	50	0
8	20	0.01	20	0
8	20	0.01	10	0
8	20	0.01	1	0
8	20	0.1	500	0
8	20	0.1	400	0
8	20	0.1	300	0
8	20	0.1	200	0
8	20	0.1	100	0
8	20	0.1	50	0
8	20	0.1	20	0
8	20	0.1	10	0
8	20	0.1	1	0
8	20	0.5	500	0
8	20	0.5	400	0
8	20	0.5	300	0
8	20	0.5	200	0
8	20	0.5	100	0
8	20	0.5	50	0
8	20	0.5	20	0
8	20	0.5	10	0
8	20	0.5	1	0
8	20	1	500	0
8	20	1	400	0
8	20	1	300	0
8	20	1	200	0
8	20	1	100	0
8	20	1	50	0
8	20	1	20	0
8	20	1	10	0
8	20	1	1	0
8	20	5	500	0
8	20	5	400	0
8	20	5	300	0
8	20	5	200	0
8	20	5	100	0
8	20	5	50	0
8	20	5	20	0
8	20	5	10	0
8	20	5	1	0
8	10	-1	500	20310667
8	10	-1	400	20145333
8	10	-1	300	20173333
8	10	-1	200	19957333
8	10	-1	100	19750667
8	10	-1	50	19420000
8	10	-1	20	19518667
8	10	-1	10	20078667
8	10	-1	1	20356000
8	10	0	500	0
8	10	0	400	0
8	10	0	300	0
8	10	0	200	0
8	10	0	100	0
8	10	0	50	0
8	10	0	20	16976000
8	10	0	10	17792000
8	10	0	1	19514667
8	10	0.001	500	0
8	10	0.001	400	0
8	10	0.001	300	0
8	10	0.001	200	0
8	10	0.001	100	0
8	10	0.001	50	0
8	10	0.001	20	6730667
8	10	0.001	10	6640000
8	10	0.001	1	10180000
8	10	0.01	500	0
8	10	0.01	400	0
8	10	0.01	300	0
8	10	0.01	200	0
8	10	0.01	100	0
8	10	0.01	50	0
8	10	0.01	20	0
8	10	0.01	10	0
8	10	0.01	1	0
8	10	0.1	500	0
8	10	0.1	400	0
8	10	0.1	300	0
8	10	0.1	200	0
8	10	0.1	100	0
8	10	0.1	50	0
8	10	0.1	20	0
8	10	0.1	10	0
8	10	0.1	1	0
8	10	0.5	500	0
8	10	0.5	400	0
8	10	0.5	300	0
8	10	0.5	200	0
8	10	0.5	100	0
8	10	0.5	50	0
8	10	0.5	20	0
8	10	0.5	10	0
8	10	0.5	1	0
8	10	1	500	0
8	10	1	400	0
8	10	1	300	0
8	10	1	200	0
8	10	1	100	0
8	10	1	50	0
8	10	1	20	0
8	10	1	10	0
8	10	1	1	0
8	10	5	500	0
8	10	5	400	0
8	10	5	300	0
8	10	5	200	0
8	10	5	100	0
8	10	5	50	0
8	10	5	20	0
8	10	5	10	0
8	10	5	1	0
10	1000	-1	500	20310667
10	1000	-1	400	20306667
10	1000	-1	300	20181333
10	1000	-1	200	20129333
10	1000	-1	100	19048000
10	1000	-1	50	19964000
10	1000	-1	20	19986667
10	1000	-1	10	19568000
10	1000	-1	1	20280000
10	1000	0	500	0
10	1000	0	400	0
10	1000	0	300	0
10	1000	0	200	0
10	1000	0	100	0
10	1000	0	50	0
10	1000	0	20	0
10	1000	0	10	0
10	1000	0	1	19481333
10	1000	0.001	500	0
10	1000	0.001	400	0
10	1000	0.001	300	0
10	1000	0.001	200	0
10	1000	0.001	100	0
10	1000	0.001	50	0
10	1000	0.001	20	0
10	1000	0.001	10	0
10	1000	0.001	1	0
10	1000	0.01	500	0
10	1000	0.01	400	0
10	1000	0.01	300	0
10	1000	0.01	200	0
10	1000	0.01	100	0
10	1000	0.01	50	0
10	1000	0.01	20	0
10	1000	0.01	10	0
10	1000	0.01	1	0
10	1000	0.1	500	0
10	1000	0.1	400	0
10	1000	0.1	300	0
10	1000	0.1	200	0
10	1000	0.1	100	0
10	1000	0.1	50	0
10	1000	0.1	20	0
10	1000	0.1	10	0
10	1000	0.1	1	0
10	1000	0.5	500	0
10	1000	0.5	400	0
10	1000	0.5	300	0
10	1000	0.5	200	0
10	1000	0.5	100	0
10	1000	0.5	50	0
10	1000	0.5	20	0
10	1000	0.5	10	0
10	1000	0.5	1	0
10	1000	1	500	0
10	1000	1	400	0
10	1000	1	300	0
10	1000	1	200	0
10	1000	1	100	0
10	1000	1	50	0
10	1000	1	20	0
10	1000	1	10	0
10	1000	1	1	0
10	1000	5	500	0
10	1000	5	400	0
10	1000	5	300	0
10	1000	5	200	0
10	1000	5	100	0
10	1000	5	50	0
10	1000	5	20	0
10	1000	5	10	0
10	1000	5	1	0
10	800	-1	500	20310667
10	800	-1	400	20109333
10	800	-1	300	19916000
10	800	-1	200	20133333
10	800	-1	100	18917333
10	800	-1	50	20152000
10	800	-1	20	20521333
10	800	-1	10	20048000
10	800	-1	1	20724000
10	800	0	500	0
10	800	0	400	0
10	800	0	300	0
10	800	0	200	0
10	800	0	100	0
10	800	0	50	0
10	800	0	20	0
10	800	0	10	0
10	800	0	1	20124000
10	800	0.001	500	0
10	800	0.001	400	0
10	800	0.001	300	0
10	800	0.001	200	0
10	800	0.001	100	0
10	800	0.001	50	0
10	800	0.001	20	0
10	800	0.001	10	0
10	800	0.001	1	0
10	800	0.01	500	0
10	800	0.01	400	0
10	800	0.01	300	0
10	800	0.01	200	0
10	800	0.01	100	0
10	800	0.01	50	0
10	800	0.01	20	0
10	800	0.01	10	0
10	800	0.01	1	0
10	800	0.1	500	0
10	800	0.1	400	0
10	800	0.1	300	0
10	800	0.1	200	0
10	800	0.1	100	0
10	800	0.1	50	0
10	800	0.1	20	0
10	800	0.1	10	0
10	800	0.1	1	0
10	800	0.5	500	0
10	800	0.5	400	0
10	800	0.5	300	0
10	800	0.5	200	0
10	800	0.5	100	0
10	800	0.5	50	0
10	800	0.5	20	0
10	800	0.5	10	0
10	800	0.5	1	0
10	800	1	500	0
10	800	1	400	0
10	800	1	300	0
10	800	1	200	0
10	800	1	100	0
10	800	1	50	0
10	800	1	20	0
10	800	1	10	0
10	800	1	1	0
10	800	5	500	0
10	800	5	400	0
10	800	5	300	0
10	800	5	200	0
10	800	5	100	0
10	800	5	50	0
10	800	5	20	0
10	800	5	10	0
10	800	5	1	0
10	600	-1	500	20310667
10	600	-1	400	20109333
10	600	-1	300	19629333
10	600	-1	200	20281333
10	600	-1	100	18585333
10	600	-1	50	19085333
10	600	-1	20	19620000
10	600	-1	10	19646667
10	600	-1	1	20878667
10	600	0	500	0
10	600	0	400	0
10	600	0	300	0
10	600	0	200	0
10	600	0	100	0
10	600	0	50	0
10	600	0	20	0
10	600	0	10	0
10	600	0	1	20209333
10	600	0.001	500	0
10	600	0.001	400	0
10	600	0.001	300	0
10	600	0.001	200	0
10	600	0.001	100	0
10	600	0.001	50	0
10	600	0.001	20	0
10	600	0.001	10	0
10	600	0.001	1	0
10	600	0.01	500	0
10	600	0.01	400	0
10	600	0.01	300	0
10	600	0.01	200	0
10	600	0.01	100	0
10	600	0.01	50	0
10	600	0.01	20	0
10	600	0.01	10	0
10	600	0.01	1	0
10	600	0.1	500	0
10	600	0.1	400	0
10	600	0.1	300	0
10	600	0.1	200	0
10	600	0.1	100	0
10	600	0.1	50	0
10	600	0.1	20	0
10	600	0.1	10	0
10	600	0.1	1	0
10	600	0.5	500	0
10	600	0.5	400	0
10	600	0.5	300	0
10	600	0.5	200	0
10	600	0.5	100	0
10	600	0.5	50	0
10	600	0.5	20	0
10	600	0.5	10	0
10	600	0.5	1	0
10	600	1	500	0
10	600	1	400	0
10	600	1	300	0
10	600	1	200	0
10	600	1	100	0
10	600	1	50	0
10	600	1	20	0
10	600	1	10	0
10	600	1	1	0
10	600	5	500	0
10	600	5	400	0
10	600	5	300	0
10	600	5	200	0
10	600	5	100	0
10	600	5	50	0
10	600	5	20	0
10	600	5	10	0
10	600	5	1	0
10	400	-1	500	20310667
10	400	-1	400	20109333
10	400	-1	300	19629333
10	400	-1	200	19492000
10	400	-1	100	17866667
10	400	-1	50	19180000
10	400	-1	20	19321333
10	400	-1	10	19186667
10	400	-1	1	20988000
10	400	0	500	0
10	400	0	400	0
10	400	0	300	0
10	400	0	200	0
10	400	0	100	0
10	400	0	50	0
10	400	0	20	0
10	400	0	10	0
10	400	0	1	19952000
10	400	0.001	500	0
10	400	0.001	400	0
10	400	0.001	300	0
10	400	0.001	200	0
10	400	0.001	100	0
10	400	0.001	50	0
10	400	0.001	20	0
10	400	0.001	10	0
10	400	0.001	1	0
10	400	0.01	500	0
10	400	0.01	400	0
10	400	0.01	300	0
10	400	0.01	200	0
10	400	0.01	100	0
10	400	0.01	50	0
10	400	0.01	20	0
10	400	0.01	10	0
10	400	0.01	1	0
10	400	0.1	500	0
10	400	0.1	400	0
10	400	0.1	300	0
10	400	0.1	200	0
10	400	0.1	100	0
10	400	0.1	50	0
10	400	0.1	20	0
10	400	0.1	10	0
10	400	0.1	1	0
10	400	0.5	500	0
10	400	0.5	400	0
10	400	0.5	300	0
10	400	0.5	200	0
10	400	0.5	100	0
10	400	0.5	50	0
10	400	0.5	20	0
10	400	0.5	10	0
10	400	0.5	1	0
10	400	1	500	0
10	400	1	400	0
10	400	1	300	0
10	400	1	200	0
10	400	1	100	0
10	400	1	50	0
10	400	1	20	0
10	400	1	10	0
10	400	1	1	0
10	400	5	500	0
10	400	5	400	0
10	400	5	300	0
10	400	5	200	0
10	400	5	100	0
10	400	5	50	0
10	400	5	20	0
10	400	5	10	0
10	400	5	1	0
10	200	-1	500	20310667
10	200	-1	400	20109333
10	200	-1	300	19629333
10	200	-1	200	19492000
10	200	-1	100	18214667
10	200	-1	50	18802667
10	200	-1	20	18642667
10	200	-1	10	19300000
10	200	-1	1	21032000
10	200	0	500	0
10	200	0	400	0
10	200	0	300	0
10	200	0	200	0
10	200	0	100	0
10	200	0	50	0
10	200	0	20	0
10	200	0	10	3325333
10	200	0	1	20410667
10	200	0.001	500	0
10	200	0.001	400	0
10	200	0.001	300	0
10	200	0.001	200	0
10	200	0.001	100	0
10	200	0.001	50	0
10	200	0.001	20	0
10	200	0.001	10	0
10	200	0.001	1	0
10	200	0.01	500	0
10	200	0.01	400	0
10	200	0.01	300	0
10	200	0.01	200	0
10	200	0.01	100	0
10	200	0.01	50	0
10	200	0.01	20	0
10	200	0.01	10	0
10	200	0.01	1	0
10	200	0.1	500	0
10	200	0.1	400	0
10	200	0.1	300	0
10	200	0.1	200	0
10	200	0.1	100	0
10	200	0.1	50	0
10	200	0.1	20	0
10	200	0.1	10	0
10	200	0.1	1	0
10	200	0.5	500	0
10	200	0.5	400	0
10	200	0.5	300	0
10	200	0.5	200	0
10	200	0.5	100	0
10	200	0.5	50	0
10	200	0.5	20	0
10	200	0.5	10	0
10	200	0.5	1	0
10	200	1	500	0
10	200	1	400	0
10	200	1	300	0
10	200	1	200	0
10	200	1	100	0
10	200	1	50	0
10	200	1	20	0
10	200	1	10	0
10	200	1	1	0
10	200	5	500	0
10	200	5	400	0
10	200	5	300	0
10	200	5	200	0
10	200	5	100	0
10	200	5	50	0
10	200	5	20	0
10	200	5	10	0
10	200	5	1	0
10	100	-1	500	20310667
10	100	-1	400	20109333
10	100	-1	300	19629333
10	100	-1	200	19492000
10	100	-1	100	18214667
10	100	-1	50	17606667
10	100	-1	20	18034667
10	100	-1	10	18449333
10	100	-1	1	20918667
10	100	0	500	0
10	100	0	400	0
10	100	0	300	0
10	100	0	200	0
10	100	0	100	0
10	100	0	50	0
10	100	0	20	0
10	100	0	10	9850667
10	100	0	1	20284000
10	100	0.001	500	0
10	100	0.001	400	0
10	100	0.001	300	0
10	100	0.001	200	0
10	100	0.001	100	0
10	100	0.001	50	0
10	100	0.001	20	0
10	100	0.001	10	0
10	100	0.001	1	0
10	100	0.01	500	0
10	100	0.01	400	0
10	100	0.01	300	0
10	100	0.01	200	0
10	100	0.01	100	0
10	100	0.01	50	0
10	100	0.01	20	0
10	100	0.01	10	0
10	100	0.01	1	0
10	100	0.1	500	0
10	100	0.1	400	0
10	100	0.1	300	0
10	100	0.1	200	0
10	100	0.1	100	0
10	100	0.1	50	0
10	100	0.1	20	0
10	100	0.1	10	0
10	100	0.1	1	0
10	100	0.5	500	0
10	100	0.5	400	0
10	100	0.5	300	0
10	100	0.5	200	0
10	100	0.5	100	0
10	100	0.5	50	0
10	100	0.5	20	0
10	100	0.5	10	0
10	100	0.5	1	0
10	100	1	500	0
10	100	1	400	0
10	100	1	300	0
10	100	1	200	0
10	100	1	100	0
10	100	1	50	0
10	100	1	20	0
10	100	1	10	0
10	100	1	1	0
10	100	5	500	0
10	100	5	400	0
10	100	5	300	0
10	100	5	200	0
10	100	5	100	0
10	100	5	50	0
10	100	5	20	0
10	100	5	10	0
10	100	5	1	0
10	50	-1	500	20310667
10	50	-1	400	20109333
10	50	-1	300	19629333
10	50	-1	200	19492000
10	50	-1	100	18214667
10	50	-1	50	17606667
10	50	-1	20	17064000
10	50	-1	10	17738667
10	50	-1	1	20797333
10	50	0	500	0
10	50	0	400	0
10	50	0	300	0
10	50	0	200	0
10	50	0	100	0
10	50	0	50	0
10	50	0	20	16976000
10	50	0	10	17938667
10	50	0	1	20124000
10	50	0.001	500	0
10	50	0.001	400	0
10	50	0.001	300	0
10	50	0.001	200	0
10	50	0.001	100	0
10	50	0.001	50	0
10	50	0.001	20	6730667
10	50	0.001	10	6686667
10	50	0.001	1	6392000
10	50	0.01	500	0
10	50	0.01	400	0
10	50	0.01	300	0
10	50	0.01	200	0
10	50	0.01	100	0
10	50	0.01	50	0
10	50	0.01	20	0
10	50	0.01	10	0
10	50	0.01	1	0
10	50	0.1	500	0
10	50	0.1	400	0
10	50	0.1	300	0
10	50	0.1	200	0
10	50	0.1	100	0
10	50	0.1	50	0
10	50	0.1	20	0
10	50	0.1	10	0
10	50	0.1	1	0
10	50	0.5	500	0
10	50	0.5	400	0
10	50	0.5	300	0
10	50	0.5	200	0
10	50	0.5	100	0
10	50	0.5	50	0
10	50	0.5	20	0
10	50	0.5	10	0
10	50	0.5	1	0
10	50	1	500	0
10	50	1	400	0
10	50	1	300	0
10	50	1	200	0
10	50	1	100	0
10	50	1	50	0
10	50	1	20	0
10	50	1	10	0
10	50	1	1	0
10	50	5	500	0
10	50	5	400	0
10	50	5	300	0
10	50	5	200	0
10	50	5	100	0
10	50	5	50	0
10	50	5	20	0
10	50	5	10	0
10	50	5	1	0
10	20	-1	500	20310667
10	20	-1	400	20109333
10	20	-1	300	19629333
10	20	-1	200	19492000
10	20	-1	100	18214667
10	20	-1	50	17606667
10	20	-1	20	17040000
10	20	-1	10	17626667
10	20	-1	1	20529333
10	20	0	500	0
10	20	0	400	0
10	20	0	300	0
10	20	0	200	0
10	20	0	100	0
10	20	0	50	0
10	20	0	20	16976000
10	20	0	10	18625333
10	20	0	1	19968000
10	20	0.001	500	0
10	20	0.001	400	0
10	20	0.001	300	0
10	20	0.001	200	0
10	20	0.001	100	0
10	20	0.001	50	0
10	20	0.001	20	6730667
10	20	0.001	10	6640000
10	20	0.001	1	10022667
10	20	0.01	500	0
10	20	0.01	400	0
10	20	0.01	300	0
10	20	0.01	200	0
10	20	0.01	100	0
10	20	0.01	50	0
10	20	0.01	20	0
10	20	0.01	10	0
10	20	0.01	1	0
10	20	0.1	500	0
10	20	0.1	400	0
10	20	0.1	300	0
10	20	0.1	200	0
10	20	0.1	100	0
10	20	0.1	50	0
10	20	0.1	20	0
10	20	0.1	10	0
10	20	0.1	1	0
10	20	0.5	500	0
10	20	0.5	400	0
10	20	0.5	300	0
10	20	0.5	200	0
10	20	0.5	100	0
10	20	0.5	50	0
10	20	0.5	20	0
10	20	0.5	10	0
10	20	0.5	1	0
10	20	1	500	0
10	20	1	400	0
10	20	1	300	0
10	20	1	200	0
10	20	1	100	0
10	20	1	50	0
10	20	1	20	0
10	20	1	10	0
10	20	1	1	0
10	20	5	500	0
10	20	5	400	0
10	20	5	300	0
10	20	5	200	0
10	20	5	100	0
10	20	5	50	0
10	20	5	20	0
10	20	5	10	0
10	20	5	1	0
10	10	-1	500	20310667
10	10	-1	400	20109333
10	10	-1	300	19629333
10	10	-1	200	19492000
10	10	-1	100	18214667
10	10	-1	50	17606667
10	10	-1	20	17040000
10	10	-1	10	17626667
10	10	-1	1	20180000
10	10	0	500	0
10	10	0	400	0
10	10	0	300	0
10	10	0	200	0
10	10	0	100	0
10	10	0	50	0
10	10	0	20	16976000
10	10	0	10	18625333
10	10	0	1	19444000
10	10	0.001	500	0
10	10	0.001	400	0
10	10	0.001	300	0
10	10	0.001	200	0
10	10	0.001	100	0
10	10	0.001	50	0
10	10	0.001	20	6730667
10	10	0.001	10	6640000
10	10	0.001	1	10036000
10	10	0.01	500	0
10	10	0.01	400	0
10	10	0.01	300	0
10	10	0.01	200	0
10	10	0.01	100	0
10	10	0.01	50	0
10	10	0.01	20	0
10	10	0.01	10	0
10	10	0.01	1	0
10	10	0.1	500	0
10	10	0.1	400	0
10	10	0.1	300	0
10	10	0.1	200	0
10	10	0.1	100	0
10	10	0.1	50	0
10	10	0.1	20	0
10	10	0.1	10	0
10	10	0.1	1	0
10	10	0.5	500	0
10	10	0.5	400	0
10	10	0.5	300	0
10	10	0.5	200	0
10	10	0.5	100	0
10	10	0.5	50	0
10	10	0.5	20	0
10	10	0.5	10	0
10	10	0.5	1	0
10	10	1	500	0
10	10	1	400	0
10	10	1	300	0
10	10	1	200	0
10	10	1	100	0
10	10	1	50	0
10	10	1	20	0
10	10	1	10	0
10	10	1	1	0
10	10	5	500	0
10	10	5	400	0
10	10	5	300	0
10	10	5	200	0
10	10	5	100	0
10	10	5	50	0
10	10	5	20	0
10	10	5	10	0
10	10	5	1	0
12	1000	-1	500	20310667
12	1000	-1	400	20306667
12	1000	-1	300	20181333
12	1000	-1	200	20129333
12	1000	-1	100	18822667
12	1000	-1	50	19344000
12	1000	-1	20	18484000
12	1000	-1	10	18788000
12	1000	-1	1	20161333
12	1000	0	500	0
12	1000	0	400	0
12	1000	0	300	0
12	1000	0	200	0
12	1000	0	100	0
12	1000	0	50	0
12	1000	0	20	0
12	1000	0	10	0
12	1000	0	1	19674667
12	1000	0.001	500	0
12	1000	0.001	400	0
12	1000	0.001	300	0
12	1000	0.001	200	0
12	1000	0.001	100	0
12	1000	0.001	50	0
12	1000	0.001	20	0
12	1000	0.001	10	0
12	1000	0.001	1	0
12	1000	0.01	500	0
12	1000	0.01	400	0
12	1000	0.01	300	0
12	1000	0.01	200	0
12	1000	0.01	100	0
12	1000	0.01	50	0
12	1000	0.01	20	0
12	1000	0.01	10	0
12	1000	0.01	1	0
12	1000	0.1	500	0
12	1000	0.1	400	0
12	1000	0.1	300	0
12	1000	0.1	200	0
12	1000	0.1	100	0
12	1000	0.1	50	0
12	1000	0.1	20	0
12	1000	0.1	10	0
12	1000	0.1	1	0
12	1000	0.5	500	0
12	1000	0.5	400	0
12	1000	0.5	300	0
12	1000	0.5	200	0
12	1000	0.5	100	0
12	1000	0.5	50	0
12	1000	0.5	20	0
12	1000	0.5	10	0
12	1000	0.5	1	0
12	1000	1	500	0
12	1000	1	400	0
12	1000	1	300	0
12	1000	1	200	0
12	1000	1	100	0
12	1000	1	50	0
12	1000	1	20	0
12	1000	1	10	0
12	1000	1	1	0
12	1000	5	500	0
12	1000	5	400	0
12	1000	5	300	0
12	1000	5	200	0
12	1000	5	100	0
12	1000	5	50	0
12	1000	5	20	0
12	1000	5	10	0
12	1000	5	1	0
12	800	-1	500	20310667
12	800	-1	400	20109333
12	800	-1	300	19916000
12	800	-1	200	19996000
12	800	-1	100	18692000
12	800	-1	50	19448000
12	800	-1	20	18589333
12	800	-1	10	19228000
12	800	-1	1	20484000
12	800	0	500	0
12	800	0	400	0
12	800	0	300	0
12	800	0	200	0
12	800	0	100	0
12	800	0	50	0
12	800	0	20	0
12	800	0	10	0
12	800	0	1	20317333
12	800	0.001	500	0
12	800	0.001	400	0
12	800	0.001	300	0
12	800	0.001	200	0
12	800	0.001	100	0
12	800	0.001	50	0
12	800	0.001	20	0
12	800	0.001	10	0
12	800	0.001	1	0
12	800	0.01	500	0
12	800	0.01	400	0
12	800	0.01	300	0
12	800	0.01	200	0
12	800	0.01	100	0
12	800	0.01	50	0
12	800	0.01	20	0
12	800	0.01	10	0
12	800	0.01	1	0
12	800	0.1	500	0
12	800	0.1	400	0
12	800	0.1	300	0
12	800	0.1	200	0
12	800	0.1	100	0
12	800	0.1	50	0
12	800	0.1	20	0
12	800	0.1	10	0
12	800	0.1	1	0
12	800	0.5	500	0
12	800	0.5	400	0
12	800	0.5	300	0
12	800	0.5	200	0
12	800	0.5	100	0
12	800	0.5	50	0
12	800	0.5	20	0
12	800	0.5	10	0
12	800	0.5	1	0
12	800	1	500	0
12	800	1	400	0
12	800	1	300	0
12	800	1	200	0
12	800	1	100	0
12	800	1	50	0
12	800	1	20	0
12	800	1	10	0
12	800	1	1	0
12	800	5	500	0
12	800	5	400	0
12	800	5	300	0
12	800	5	200	0
12	800	5	100	0
12	800	5	50	0
12	800	5	20	0
12	800	5	10	0
12	800	5	1	0
12	600	-1	500	20310667
12	600	-1	400	20109333
12	600	-1	300	19629333
12	600	-1	200	19965333
12	600	-1	100	18188000
12	600	-1	50	18512000
12	600	-1	20	17856000
12	600	-1	10	18964000
12	600	-1	1	20525333
12	600	0	500	0
12	600	0	400	0
12	600	0	300	0
12	600	0	200	0
12	600	0	100	0
12	600	0	50	0
12	600	0	20	0
12	600	0	10	0
12	600	0	1	20353333
12	600	0.001	500	0
12	600	0.001	400	0
12	600	0.001	300	0
12	600	0.001	200	0
12	600	0.001	100	0
12	600	0.001	50	0
12	600	0.001	20	0
12	600	0.001	10	0
12	600	0.001	1	3358667
12	600	0.01	500	0
12	600	0.01	400	0
12	600	0.01	300	0
12	600	0.01	200	0
12	600	0.01	100	0
12	600	0.01	50	0
12	600	0.01	20	0
12	600	0.01	10	0
12	600	0.01	1	0
12	600	0.1	500	0
12	600	0.1	400	0
12	600	0.1	300	0
12	600	0.1	200	0
12	600	0.1	100	0
12	600	0.1	50	0
12	600	0.1	20	0
12	600	0.1	10	0
12	600	0.1	1	0
12	600	0.5	500	0
12	600	0.5	400	0
12	600	0.5	300	0
12	600	0.5	200	0
12	600	0.5	100	0
12	600	0.5	50	0
12	600	0.5	20	0
12	600	0.5	10	0
12	600	0.5	1	0
12	600	1	500	0
12	600	1	400	0
12	600	1	300	0
12	600	1	200	0
12	600	1	100	0
12	600	1	50	0
12	600	1	20	0
12	600	1	10	0
12	600	1	1	0
12	600	5	500	0
12	600	5	400	0
12	600	5	300	0
12	600	5	200	0
12	600	5	100	0
12	600	5	50	0
12	600	5	20	0
12	600	5	10	0
12	600	5	1	0
12	400	-1	500	20310667
12	400	-1	400	20109333
12	400	-1	300	19629333
12	400	-1	200	19053333
12	400	-1	100	17092000
12	400	-1	50	18474667
12	400	-1	20	17434667
12	400	-1	10	18789333
12	400	-1	1	20220000
12	400	0	500	0
12	400	0	400	0
12	400	0	300	0
12	400	0	200	0
12	400	0	100	0
12	400	0	50	0
12	400	0	20	0
12	400	0	10	0
12	400	0	1	20102667
12	400	0.001	500	0
12	400	0.001	400	0
12	400	0.001	300	0
12	400	0.001	200	0
12	400	0.001	100	0
12	400	0.001	50	0
12	400	0.001	20	0
12	400	0.001	10	0
12	400	0.001	1	3358667
12	400	0.01	500	0
12	400	0.01	400	0
12	400	0.01	300	0
12	400	0.01	200	0
12	400	0.01	100	0
12	400	0.01	50	0
12	400	0.01	20	0
12	400	0.01	10	0
12	400	0.01	1	0
12	400	0.1	500	0
12	400	0.1	400	0
12	400	0.1	300	0
12	400	0.1	200	0
12	400	0.1	100	0
12	400	0.1	50	0
12	400	0.1	20	0
12	400	0.1	10	0
12	400	0.1	1	0
12	400	0.5	500	0
12	400	0.5	400	0
12	400	0.5	300	0
12	400	0.5	200	0
12	400	0.5	100	0
12	400	0.5	50	0
12	400	0.5	20	0
12	400	0.5	10	0
12	400	0.5	1	0
12	400	1	500	0
12	400	1	400	0
12	400	1	300	0
12	400	1	200	0
12	400	1	100	0
12	400	1	50	0
12	400	1	20	0
12	400	1	10	0
12	400	1	1	0
12	400	5	500	0
12	400	5	400	0
12	400	5	300	0
12	400	5	200	0
12	400	5	100	0
12	400	5	50	0
12	400	5	20	0
12	400	5	10	0
12	400	5	1	0
12	200	-1	500	20310667
12	200	-1	400	20109333
12	200	-1	300	19629333
12	200	-1	200	19053333
12	200	-1	100	17092000
12	200	-1	50	17734667
12	200	-1	20	16477333
12	200	-1	10	18618667
12	200	-1	1	20332000
12	200	0	500	0
12	200	0	400	0
12	200	0	300	0
12	200	0	200	0
12	200	0	100	0
12	200	0	50	0
12	200	0	20	0
12	200	0	10	3325333
12	200	0	1	21232000
12	200	0.001	500	0
12	200	0.001	400	0
12	200	0.001	300	0
12	200	0.001	200	0
12	200	0.001	100	0
12	200	0.001	50	0
12	200	0.001	20	0
12	200	0.001	10	0
12	200	0.001	1	3358667
12	200	0.01	500	0
12	200	0.01	400	0
12	200	0.01	300	0
12	200	0.01	200	0
12	200	0.01	100	0
12	200	0.01	50	0
12	200	0.01	20	0
12	200	0.01	10	0
12	200	0.01	1	0
12	200	0.1	500	0
12	200	0.1	400	0
12	200	0.1	300	0
12	200	0.1	200	0
12	200	0.1	100	0
12	200	0.1	50	0
12	200	0.1	20	0
12	200	0.1	10	0
12	200	0.1	1	0
12	200	0.5	500	0
12	200	0.5	400	0
12	200	0.5	300	0
12	200	0.5	200	0
12	200	0.5	100	0
12	200	0.5	50	0
12	200	0.5	20	0
12	200	0.5	10	0
12	200	0.5	1	0
12	200	1	500	0
12	200	1	400	0
12	200	1	300	0
12	200	1	200	0
12	200	1	100	0
12	200	1	50	0
12	200	1	20	0
12	200	1	10	0
12	200	1	1	0
12	200	5	500	0
12	200	5	400	0
12	200	5	300	0
12	200	5	200	0
12	200	5	100	0
12	200	5	50	0
12	200	5	20	0
12	200	5	10	0
12	200	5	1	0
12	100	-1	500	20310667
12	100	-1	400	20109333
12	100	-1	300	19629333
12	100	-1	200	19053333
12	100	-1	100	17092000
12	100	-1	50	16378667
12	100	-1	20	15725333
12	100	-1	10	17514667
12	100	-1	1	18630667
12	100	0	500	0
12	100	0	400	0
12	100	0	300	0
12	100	0	200	0
12	100	0	100	0
12	100	0	50	0
12	100	0	20	0
12	100	0	10	9850667
12	100	0	1	20905333
12	100	0.001	500	0
12	100	0.001	400	0
12	100	0.001	300	0
12	100	0.001	200	0
12	100	0.001	100	0
12	100	0.001	50	0
12	100	0.001	20	0
12	100	0.001	10	0
12	100	0.001	1	3358667
12	100	0.01	500	0
12	100	0.01	400	0
12	100	0.01	300	0
12	100	0.01	200	0
12	100	0.01	100	0
12	100	0.01	50	0
12	100	0.01	20	0
12	100	0.01	10	0
12	100	0.01	1	0
12	100	0.1	500	0
12	100	0.1	400	0
12	100	0.1	300	0
12	100	0.1	200	0
12	100	0.1	100	0
12	100	0.1	50	0
12	100	0.1	20	0
12	100	0.1	10	0
12	100	0.1	1	0
12	100	0.5	500	0
12	100	0.5	400	0
12	100	0.5	300	0
12	100	0.5	200	0
12	100	0.5	100	0
12	100	0.5	50	0
12	100	0.5	20	0
12	100	0.5	10	0
12	100	0.5	1	0
12	100	1	500	0
12	100	1	400	0
12	100	1	300	0
12	100	1	200	0
12	100	1	100	0
12	100	1	50	0
12	100	1	20	0
12	100	1	10	0
12	100	1	1	0
12	100	5	500	0
12	100	5	400	0
12	100	5	300	0
12	100	5	200	0
12	100	5	100	0
12	100	5	50	0
12	100	5	20	0
12	100	5	10	0
12	100	5	1	0
12	50	-1	500	20310667
12	50	-1	400	20109333
12	50	-1	300	19629333
12	50	-1	200	19053333
12	50	-1	100	17092000
12	50	-1	50	16378667
12	50	-1	20	14785333
12	50	-1	10	16634667
12	50	-1	1	18525333
12	50	0	500	0
12	50	0	400	0
12	50	0	300	0
12	50	0	200	0
12	50	0	100	0
12	50	0	50	0
12	50	0	20	16942667
12	50	0	10	17938667
12	50	0	1	20689333
12	50	0.001	500	0
12	50	0.001	400	0
12	50	0.001	300	0
12	50	0.001	200	0
12	50	0.001	100	0
12	50	0.001	50	0
12	50	0.001	20	6730667
12	50	0.001	10	6686667
12	50	0.001	1	9897333
12	50	0.01	500	0
12	50	0.01	400	0
12	50	0.01	300	0
12	50	0.01	200	0
12	50	0.01	100	0
12	50	0.01	50	0
12	50	0.01	20	0
12	50	0.01	10	0
12	50	0.01	1	0
12	50	0.1	500	0
12	50	0.1	400	0
12	50	0.1	300	0
12	50	0.1	200	0
12	50	0.1	100	0
12	50	0.1	50	0
12	50	0.1	20	0
12	50	0.1	10	0
12	50	0.1	1	0
12	50	0.5	500	0
12	50	0.5	400	0
12	50	0.5	300	0
12	50	0.5	200	0
12	50	0.5	100	0
12	50	0.5	50	0
12	50	0.5	20	0
12	50	0.5	10	0
12	50	0.5	1	0
12	50	1	500	0
12	50	1	400	0
12	50	1	300	0
12	50	1	200	0
12	50	1	100	0
12	50	1	50	0
12	50	1	20	0
12	50	1	10	0
12	50	1	1	0
12	50	5	500	0
12	50	5	400	0
12	50	5	300	0
12	50	5	200	0
12	50	5	100	0
12	50	5	50	0
12	50	5	20	0
12	50	5	10	0
12	50	5	1	0
12	20	-1	500	20310667
12	20	-1	400	20109333
12	20	-1	300	19629333
12	20	-1	200	19053333
12	20	-1	100	17092000
12	20	-1	50	16378667
12	20	-1	20	14814667
12	20	-1	10	15721333
12	20	-1	1	17826667
12	20	0	500	0
12	20	0	400	0
12	20	0	300	0
12	20	0	200	0
12	20	0	100	0
12	20	0	50	0
12	20	0	20	16942667
12	20	0	10	19940000
12	20	0	1	19750667
12	20	0.001	500	0
12	20	0.001	400	0
12	20	0.001	300	0
12	20	0.001	200	0
12	20	0.001	100	0
12	20	0.001	50	0
12	20	0.001	20	6730667
12	20	0.001	10	6640000
12	20	0.001	1	13453333
12	20	0.01	500	0
12	20	0.01	400	0
12	20	0.01	300	0
12	20	0.01	200	0
12	20	0.01	100	0
12	20	0.01	50	0
12	20	0.01	20	0
12	20	0.01	10	0
12	20	0.01	1	0
12	20	0.1	500	0
12	20	0.1	400	0
12	20	0.1	300	0
12	20	0.1	200	0
12	20	0.1	100	0
12	20	0.1	50	0
12	20	0.1	20	0
12	20	0.1	10	0
12	20	0.1	1	0
12	20	0.5	500	0
12	20	0.5	400	0
12	20	0.5	300	0
12	20	0.5	200	0
12	20	0.5	100	0
12	20	0.5	50	0
12	20	0.5	20	0
12	20	0.5	10	0
12	20	0.5	1	0
12	20	1	500	0
12	20	1	400	0
12	20	1	300	0
12	20	1	200	0
12	20	1	100	0
12	20	1	50	0
12	20	1	20	0
12	20	1	10	0
12	20	1	1	0
12	20	5	500	0
12	20	5	400	0
12	20	5	300	0
12	20	5	200	0
12	20	5	100	0
12	20	5	50	0
12	20	5	20	0
12	20	5	10	0
12	20	5	1	0
12	10	-1	500	20310667
12	10	-1	400	20109333
12	10	-1	300	19629333
12	10	-1	200	19053333
12	10	-1	100	17092000
12	10	-1	50	16378667
12	10	-1	20	14814667
12	10	-1	10	15721333
12	10	-1	1	17048000
12	10	0	500	0
12	10	0	400	0
12	10	0	300	0
12	10	0	200	0
12	10	0	100	0
12	10	0	50	0
12	10	0	20	16942667
12	10	0	10	19940000
12	10	0	1	19062667
12	10	0.001	500	0
12	10	0.001	400	0
12	10	0.001	300	0
12	10	0.001	200	0
12	10	0.001	100	0
12	10	0.001	50	0
12	10	0.001	20	6730667
12	10	0.001	10	6640000
12	10	0.001	1	13268000
12	10	0.01	500	0
12	10	0.01	400	0
12	10	0.01	300	0
12	10	0.01	200	0
12	10	0.01	100	0
12	10	0.01	50	0
12	10	0.01	20	0
12	10	0.01	10	0
12	10	0.01	1	0
12	10	0.1	500	0
12	10	0.1	400	0
12	10	0.1	300	0
12	10	0.1	200	0
12	10	0.1	100	0
12	10	0.1	50	0
12	10	0.1	20	0
12	10	0.1	10	0
12	10	0.1	1	0
12	10	0.5	500	0
12	10	0.5	400	0
12	10	0.5	300	0
12	10	0.5	200	0
12	10	0.5	100	0
12	10	0.5	50	0
12	10	0.5	20	0
12	10	0.5	10	0
12	10	0.5	1	0
12	10	1	500	0
12	10	1	400	0
12	10	1	300	0
12	10	1	200	0
12	10	1	100	0
12	10	1	50	0
12	10	1	20	0
12	10	1	10	0
12	10	1	1	0
12	10	5	500	0
12	10	5	400	0
12	10	5	300	0
12	10	5	200	0
12	10	5	100	0
12	10	5	50	0
12	10	5	20	0
12	10	5	10	0
12	10	5	1	0
14	1000	-1	500	20310667
14	1000	-1	400	20306667
14	1000	-1	300	20181333
14	1000	-1	200	20129333
14	1000	-1	100	18625333
14	1000	-1	50	18989333
14	1000	-1	20	17941333
14	1000	-1	10	18226667
14	1000	-1	1	20214667
14	1000	0	500	0
14	1000	0	400	0
14	1000	0	300	0
14	1000	0	200	0
14	1000	0	100	0
14	1000	0	50	0
14	1000	0	20	0
14	1000	0	10	0
14	1000	0	1	19766667
14	1000	0.001	500	0
14	1000	0.001	400	0
14	1000	0.001	300	0
14	1000	0.001	200	0
14	1000	0.001	100	0
14	1000	0.001	50	0
14	1000	0.001	20	0
14	1000	0.001	10	0
14	1000	0.001	1	0
14	1000	0.01	500	0
14	1000	0.01	400	0
14	1000	0.01	300	0
14	1000	0.01	200	0
14	1000	0.01	100	0
14	1000	0.01	50	0
14	1000	0.01	20	0
14	1000	0.01	10	0
14	1000	0.01	1	0
14	1000	0.1	500	0
14	1000	0.1	400	0
14	1000	0.1	300	0
14	1000	0.1	200	0
14	1000	0.1	100	0
14	1000	0.1	50	0
14	1000	0.1	20	0
14	1000	0.1	10	0
14	1000	0.1	1	0
14	1000	0.5	500	0
14	1000	0.5	400	0
14	1000	0.5	300	0
14	1000	0.5	200	0
14	1000	0.5	100	0
14	1000	0.5	50	0
14	1000	0.5	20	0
14	1000	0.5	10	0
14	1000	0.5	1	0
14	1000	1	500	0
14	1000	1	400	0
14	1000	1	300	0
14	1000	1	200	0
14	1000	1	100	0
14	1000	1	50	0
14	1000	1	20	0
14	1000	1	10	0
14	1000	1	1	0
14	1000	5	500	0
14	1000	5	400	0
14	1000	5	300	0
14	1000	5	200	0
14	1000	5	100	0
14	1000	5	50	0
14	1000	5	20	0
14	1000	5	10	0
14	1000	5	1	0
14	800	-1	500	20310667
14	800	-1	400	20109333
14	800	-1	300	19916000
14	800	-1	200	19853333
14	800	-1	100	18494667
14	800	-1	50	19093333
14	800	-1	20	17621333
14	800	-1	10	18636000
14	800	-1	1	20285333
14	800	0	500	0
14	800	0	400	0
14	800	0	300	0
14	800	0	200	0
14	800	0	100	0
14	800	0	50	0
14	800	0	20	0
14	800	0	10	0
14	800	0	1	20408000
14	800	0.001	500	0
14	800	0.001	400	0
14	800	0.001	300	0
14	800	0.001	200	0
14	800	0.001	100	0
14	800	0.001	50	0
14	800	0.001	20	0
14	800	0.001	10	0
14	800	0.001	1	0
14	800	0.01	500	0
14	800	0.01	400	0
14	800	0.01	300	0
14	800	0.01	200	0
14	800	0.01	100	0
14	800	0.01	50	0
14	800	0.01	20	0
14	800	0.01	10	0
14	800	0.01	1	0
14	800	0.1	500	0
14	800	0.1	400	0
14	800	0.1	300	0
14	800	0.1	200	0
14	800	0.1	100	0
14	800	0.1	50	0
14	800	0.1	20	0
14	800	0.1	10	0
14	800	0.1	1	0
14	800	0.5	500	0
14	800	0.5	400	0
14	800	0.5	300	0
14	800	0.5	200	0
14	800	0.5	100	0
14	800	0.5	50	0
14	800	0.5	20	0
14	800	0.5	10	0
14	800	0.5	1	0
14	800	1	500	0
14	800	1	400	0
14	800	1	300	0
14	800	1	200	0
14	800	1	100	0
14	800	1	50	0
14	800	1	20	0
14	800	1	10	0
14	800	1	1	0
14	800	5	500	0
14	800	5	400	0
14	800	5	300	0
14	800	5	200	0
14	800	5	100	0
14	800	5	50	0
14	800	5	20	0
14	800	5	10	0
14	800	5	1	0
14	600	-1	500	20310667
14	600	-1	400	20109333
14	600	-1	300	19629333
14	600	-1	200	19822667
14	600	-1	100	17872000
14	600	-1	50	18056000
14	600	-1	20	16872000
14	600	-1	10	18401333
14	600	-1	1	20045333
14	600	0	500	0
14	600	0	400	0
14	600	0	300	0
14	600	0	200	0
14	600	0	100	0
14	600	0	50	0
14	600	0	20	0
14	600	0	10	0
14	600	0	1	20526667
14	600	0.001	500	0
14	600	0.001	400	0
14	600	0.001	300	0
14	600	0.001	200	0
14	600	0.001	100	0
14	600	0.001	50	0
14	600	0.001	20	0
14	600	0.001	10	0
14	600	0.001	1	3358667
14	600	0.01	500	0
14	600	0.01	400	0
14	600	0.01	300	0
14	600	0.01	200	0
14	600	0.01	100	0
14	600	0.01	50	0
14	600	0.01	20	0
14	600	0.01	10	0
14	600	0.01	1	0
14	600	0.1	500	0
14	600	0.1	400	0
14	600	0.1	300	0
14	600	0.1	200	0
14	600	0.1	100	0
14	600	0.1	50	0
14	600	0.1	20	0
14	600	0.1	10	0
14	600	0.1	1	0
14	600	0.5	500	0
14	600	0.5	400	0
14	600	0.5	300	0
14	600	0.5	200	0
14	600	0.5	100	0
14	600	0.5	50	0
14	600	0.5	20	0
14	600	0.5	10	0
14	600	0.5	1	0
14	600	1	500	0
14	600	1	400	0
14	600	1	300	0
14	600	1	200	0
14	600	1	100	0
14	600	1	50	0
14	600	1	20	0
14	600	1	10	0
14	600	1	1	0
14	600	5	500	0
14	600	5	400	0
14	600	5	300	0
14	600	5	200	0
14	600	5	100	0
14	600	5	50	0
14	600	5	20	0
14	600	5	10	0
14	600	5	1	0
14	400	-1	500	20310667
14	400	-1	400	20109333
14	400	-1	300	19629333
14	400	-1	200	18910667
14	400	-1	100	16553333
14	400	-1	50	18041333
14	400	-1	20	16516000
14	400	-1	10	18090667
14	400	-1	1	19657333
14	400	0	500	0
14	400	0	400	0
14	400	0	300	0
14	400	0	200	0
14	400	0	100	0
14	400	0	50	0
14	400	0	20	0
14	400	0	10	0
14	400	0	1	20276000
14	400	0.001	500	0
14	400	0.001	400	0
14	400	0.001	300	0
14	400	0.001	200	0
14	400	0.001	100	0
14	400	0.001	50	0
14	400	0.001	20	0
14	400	0.001	10	0
14	400	0.001	1	3358667
14	400	0.01	500	0
14	400	0.01	400	0
14	400	0.01	300	0
14	400	0.01	200	0
14	400	0.01	100	0
14	400	0.01	50	0
14	400	0.01	20	0
14	400	0.01	10	0
14	400	0.01	1	0
14	400	0.1	500	0
14	400	0.1	400	0
14	400	0.1	300	0
14	400	0.1	200	0
14	400	0.1	100	0
14	400	0.1	50	0
14	400	0.1	20	0
14	400	0.1	10	0
14	400	0.1	1	0
14	400	0.5	500	0
14	400	0.5	400	0
14	400	0.5	300	0
14	400	0.5	200	0
14	400	0.5	100	0
14	400	0.5	50	0
14	400	0.5	20	0
14	400	0.5	10	0
14	400	0.5	1	0
14	400	1	500	0
14	400	1	400	0
14	400	1	300	0
14	400	1	200	0
14	400	1	100	0
14	400	1	50	0
14	400	1	20	0
14	400	1	10	0
14	400	1	1	0
14	400	5	500	0
14	400	5	400	0
14	400	5	300	0
14	400	5	200	0
14	400	5	100	0
14	400	5	50	0
14	400	5	20	0
14	400	5	10	0
14	400	5	1	0
14	200	-1	500	20310667
14	200	-1	400	20109333
14	200	-1	300	19629333
14	200	-1	200	18910667
14	200	-1	100	16522667
14	200	-1	50	17265333
14	200	-1	20	15272000
14	200	-1	10	18060000
14	200	-1	1	19573333
14	200	0	500	0
14	200	0	400	0
14	200	0	300	0
14	200	0	200	0
14	200	0	100	0
14	200	0	50	0
14	200	0	20	0
14	200	0	10	3325333
14	200	0	1	20778667
14	200	0.001	500	0
14	200	0.001	400	0
14	200	0.001	300	0
14	200	0.001	200	0
14	200	0.001	100	0
14	200	0.001	50	0
14	200	0.001	20	0
14	200	0.001	10	0
14	200	0.001	1	3358667
14	200	0.01	500	0
14	200	0.01	400	0
14	200	0.01	300	0
14	200	0.01	200	0
14	200	0.01	100	0
14	200	0.01	50	0
14	200	0.01	20	0
14	200	0.01	10	0
14	200	0.01	1	0
14	200	0.1	500	0
14	200	0.1	400	0
14	200	0.1	300	0
14	200	0.1	200	0
14	200	0.1	100	0
14	200	0.1	50	0
14	200	0.1	20	0
14	200	0.1	10	0
14	200	0.1	1	0
14	200	0.5	500	0
14	200	0.5	400	0
14	200	0.5	300	0
14	200	0.5	200	0
14	200	0.5	100	0
14	200	0.5	50	0
14	200	0.5	20	0
14	200	0.5	10	0
14	200	0.5	1	0
14	200	1	500	0
14	200	1	400	0
14	200	1	300	0
14	200	1	200	0
14	200	1	100	0
14	200	1	50	0
14	200	1	20	0
14	200	1	10	0
14	200	1	1	0
14	200	5	500	0
14	200	5	400	0
14	200	5	300	0
14	200	5	200	0
14	200	5	100	0
14	200	5	50	0
14	200	5	20	0
14	200	5	10	0
14	200	5	1	0
14	100	-1	500	20310667
14	100	-1	400	20109333
14	100	-1	300	19629333
14	100	-1	200	18910667
14	100	-1	100	16522667
14	100	-1	50	15604000
14	100	-1	20	14573333
14	100	-1	10	17014667
14	100	-1	1	17312000
14	100	0	500	0
14	100	0	400	0
14	100	0	300	0
14	100	0	200	0
14	100	0	100	0
14	100	0	50	0
14	100	0	20	0
14	100	0	10	9850667
14	100	0	1	20304000
14	100	0.001	500	0
14	100	0.001	400	0
14	100	0.001	300	0
14	100	0.001	200	0
14	100	0.001	100	0
14	100	0.001	50	0
14	100	0.001	20	0
14	100	0.001	10	0
14	100	0.001	1	3358667
14	100	0.01	500	0
14	100	0.01	400	0
14	100	0.01	300	0
14	100	0.01	200	0
14	100	0.01	100	0
14	100	0.01	50	0
14	100	0.01	20	0
14	100	0.01	10	0
14	100	0.01	1	0
14	100	0.1	500	0
14	100	0.1	400	0
14	100	0.1	300	0
14	100	0.1	200	0
14	100	0.1	100	0
14	100	0.1	50	0
14	100	0.1	20	0
14	100	0.1	10	0
14	100	0.1	1	0
14	100	0.5	500	0
14	100	0.5	400	0
14	100	0.5	300	0
14	100	0.5	200	0
14	100	0.5	100	0
14	100	0.5	50	0
14	100	0.5	20	0
14	100	0.5	10	0
14	100	0.5	1	0
14	100	1	500	0
14	100	1	400	0
14	100	1	300	0
14	100	1	200	0
14	100	1	100	0
14	100	1	50	0
14	100	1	20	0
14	100	1	10	0
14	100	1	1	0
14	100	5	500	0
14	100	5	400	0
14	100	5	300	0
14	100	5	200	0
14	100	5	100	0
14	100	5	50	0
14	100	5	20	0
14	100	5	10	0
14	100	5	1	0
14	50	-1	500	20310667
14	50	-1	400	20109333
14	50	-1	300	19629333
14	50	-1	200	18910667
14	50	-1	100	16522667
14	50	-1	50	15604000
14	50	-1	20	13306667
14	50	-1	10	15474667
14	50	-1	1	17196000
14	50	0	500	0
14	50	0	400	0
14	50	0	300	0
14	50	0	200	0
14	50	0	100	0
14	50	0	50	0
14	50	0	20	16876000
14	50	0	10	17938667
14	50	0	1	20020000
14	50	0.001	500	0
14	50	0.001	400	0
14	50	0.001	300	0
14	50	0.001	200	0
14	50	0.001	100	0
14	50	0.001	50	0
14	50	0.001	20	6730667
14	50	0.001	10	6686667
14	50	0.001	1	9897333
14	50	0.01	500	0
14	50	0.01	400	0
14	50	0.01	300	0
14	50	0.01	200	0
14	50	0.01	100	0
14	50	0.01	50	0
14	50	0.01	20	0
14	50	0.01	10	0
14	50	0.01	1	0
14	50	0.1	500	0
14	50	0.1	400	0
14	50	0.1	300	0
14	50	0.1	200	0
14	50	0.1	100	0
14	50	0.1	50	0
14	50	0.1	20	0
14	50	0.1	10	0
14	50	0.1	1	0
14	50	0.5	500	0
14	50	0.5	400	0
14	50	0.5	300	0
14	50	0.5	200	0
14	50	0.5	100	0
14	50	0.5	50	0
14	50	0.5	20	0
14	50	0.5	10	0
14	50	0.5	1	0
14	50	1	500	0
14	50	1	400	0
14	50	1	300	0
14	50	1	200	0
14	50	1	100	0
14	50	1	50	0
14	50	1	20	0
14	50	1	10	0
14	50	1	1	0
14	50	5	500	0
14	50	5	400	0
14	50	5	300	0
14	50	5	200	0
14	50	5	100	0
14	50	5	50	0
14	50	5	20	0
14	50	5	10	0
14	50	5	1	0
14	20	-1	500	20310667
14	20	-1	400	20109333
14	20	-1	300	19629333
14	20	-1	200	18910667
14	20	-1	100	16522667
14	20	-1	50	15604000
14	20	-1	20	13306667
14	20	-1	10	13953333
14	20	-1	1	16190667
14	20	0	500	0
14	20	0	400	0
14	20	0	300	0
14	20	0	200	0
14	20	0	100	0
14	20	0	50	0
14	20	0	20	16876000
14	20	0	10	19917333
14	20	0	1	18549333
14	20	0.001	500	0
14	20	0.001	400	0
14	20	0.001	300	0
14	20	0.001	200	0
14	20	0.001	100	0
14	20	0.001	50	0
14	20	0.001	20	6730667
14	20	0.001	10	6640000
14	20	0.001	1	13457333
14	20	0.01	500	0
14	20	0.01	400	0
14	20	0.01	300	0
14	20	0.01	200	0
14	20	0.01	100	0
14	20	0.01	50	0
14	20	0.01	20	0
14	20	0.01	10	0
14	20	0.01	1	0
14	20	0.1	500	0
14	20	0.1	400	0
14	20	0.1	300	0
14	20	0.1	200	0
14	20	0.1	100	0
14	20	0.1	50	0
14	20	0.1	20	0
14	20	0.1	10	0
14	20	0.1	1	0
14	20	0.5	500	0
14	20	0.5	400	0
14	20	0.5	300	0
14	20	0.5	200	0
14	20	0.5	100	0
14	20	0.5	50	0
14	20	0.5	20	0
14	20	0.5	10	0
14	20	0.5	1	0
14	20	1	500	0
14	20	1	400	0
14	20	1	300	0
14	20	1	200	0
14	20	1	100	0
14	20	1	50	0
14	20	1	20	0
14	20	1	10	0
14	20	1	1	0
14	20	5	500	0
14	20	5	400	0
14	20	5	300	0
14	20	5	200	0
14	20	5	100	0
14	20	5	50	0
14	20	5	20	0
14	20	5	10	0
14	20	5	1	0
14	10	-1	500	20310667
14	10	-1	400	20109333
14	10	-1	300	19629333
14	10	-1	200	18910667
14	10	-1	100	16522667
14	10	-1	50	15604000
14	10	-1	20	13306667
14	10	-1	10	13953333
14	10	-1	1	15089333
14	10	0	500	0
14	10	0	400	0
14	10	0	300	0
14	10	0	200	0
14	10	0	100	0
14	10	0	50	0
14	10	0	20	16876000
14	10	0	10	19917333
14	10	0	1	17745333
14	10	0.001	500	0
14	10	0.001	400	0
14	10	0.001	300	0
14	10	0.001	200	0
14	10	0.001	100	0
14	10	0.001	50	0
14	10	0.001	20	6730667
14	10	0.001	10	6640000
14	10	0.001	1	13129333
14	10	0.01	500	0
14	10	0.01	400	0
14	10	0.01	300	0
14	10	0.01	200	0
14	10	0.01	100	0
14	10	0.01	50	0
14	10	0.01	20	0
14	10	0.01	10	0
14	10	0.01	1	0
14	10	0.1	500	0
14	10	0.1	400	0
14	10	0.1	300	0
14	10	0.1	200	0
14	10	0.1	100	0
14	10	0.1	50	0
14	10	0.1	20	0
14	10	0.1	10	0
14	10	0.1	1	0
14	10	0.5	500	0
14	10	0.5	400	0
14	10	0.5	300	0
14	10	0.5	200	0
14	10	0.5	100	0
14	10	0.5	50	0
14	10	0.5	20	0
14	10	0.5	10	0
14	10	0.5	1	0
14	10	1	500	0
14	10	1	400	0
14	10	1	300	0
14	10	1	200	0
14	10	1	100	0
14	10	1	50	0
14	10	1	20	0
14	10	1	10	0
14	10	1	1	0
14	10	5	500	0
14	10	5	400	0
14	10	5	300	0
14	10	5	200	0
14	10	5	100	0
14	10	5	50	0
14	10	5	20	0
14	10	5	10	0
14	10	5	1	0
