Feature	Gain	Cover	Frequency
cliente_antiguedad	0.190930500181797	0.0340097748706037	0.0378804091940247
Visa_mpagospesos	0.141612801121428	0.0263081974886048	0.0270941231862346
Master_mpagospesos	0.0704116919345652	0.0178571901563464	0.0118135513418653
mrentabilidad_annual	0.0436218363046027	0.0287723937401606	0.032915293412661
numero_de_cliente	0.0323173056895259	0.0192097300358581	0.0335573342464581
Visa_delinquency	0.0273324349178725	0.00517478148151048	0.00209733339040363
ctrx_quarter	0.0269520012425912	0.0249035508258984	0.0296622865214228
mcaja_ahorro_adicional	0.0207304576283573	0.0194239326229011	0.0273509395197535
Master_delinquency	0.0193887302149133	0.00472405160455582	0.00149809527885974
mpasivos_margen	0.0163393748512594	0.0157999572944743	0.0233274836279587
Visa_msaldototal	0.0152977725474151	0.013028800939005	0.017078286179001
mactivos_margen	0.0152465310121759	0.0245123668674791	0.0260240551299063
cliente_edad	0.0147431189902955	0.0178823423873606	0.0343705859692677
Master_mfinanciacion_limite	0.0146932158924805	0.0182876092601569	0.0286350211873475
mcuenta_corriente	0.0138063067094854	0.028487320528306	0.0224286264606429
Visa_mpagominimo	0.0120081093649823	0.0190754206247287	0.0220862046826178
mcomisiones_mantenimiento	0.0117586323815957	0.0180265828070221	0.0233274836279587
tcallcenter	0.011247212808499	0.00447421486603095	0.0043658776698198
cproductos	0.0109719466948885	0.00813228835968248	0.016778667123229
mcuentas_saldo	0.0108960873803866	0.0165929056392126	0.0245687625732997
Master_mpagominimo	0.0108429619675914	0.0204305983143686	0.0124983948979155
ctarjeta_visa_transacciones	0.00995621203688968	0.0130398045840207	0.0146385310105723
Visa_mlimitecompra	0.00965584411290652	0.0146521742337875	0.0222574155716304
mrentabilidad	0.00941518769562666	0.0124338744234697	0.0245687625732997
Master_mconsumospesos	0.00939168381551135	0.00969092402941193	0.00898857167315841
Visa_mfinanciacion_limite	0.00920080626983482	0.0156514117351846	0.0201600821812267
mpayroll	0.00867673619225097	0.0168474123597071	0.0140820956212815
chomebanking_transacciones	0.00841403023554277	0.0211041301123524	0.0228138509609211
Visa_msaldopesos	0.00831560275815463	0.00900557863641445	0.0166074562342165
mcomisiones	0.00789523999344566	0.00879355415814939	0.0191756195694046
mtarjeta_master_consumo	0.00764574915933711	0.0109204390714129	0.00911697983991782
Master_mconsumosdolares	0.00714930098468729	0.00200266704129651	0.00162650344561914
Master_mlimitecompra	0.00689890799555979	0.0103143812160424	0.0141677010657878
Visa_mconsumospesos	0.00689715410521603	0.00980171935163984	0.0199888712922142
Master_madelantopesos	0.00663689698497608	0.00143421713447469	0.000342421778025082
ccallcenter_transacciones	0.00649705089274978	0.0101126124559934	0.00526473483713564
ccomisiones_otras	0.00637569896995243	0.0149500643570945	0.0157085990669007
mcomisiones_otras	0.00617979789456401	0.0114734561471947	0.0161794290116851
Master_msaldototal	0.00607653181462755	0.012860075949814	0.00928819072893036
Visa_cconsumos	0.00542094239835485	0.01136916231549	0.0158370072336601
mtarjeta_visa_consumo	0.00503103154381813	0.00902443368861656	0.011385524119334
mautoservicio	0.00496549115794557	0.0157097938066509	0.0144245173993066
ctarjeta_debito_transacciones	0.00475771004100992	0.0118428371272936	0.012327184008903
ccomisiones_mantenimiento	0.00419013336936866	0.00531785805410301	0.00475110217009802
matm	0.00403205037276455	0.00926395268572743	0.0114283268415871
mprestamos_personales	0.00394704256366122	0.0110005511527314	0.0080041090613363
Master_tconsumos	0.00392398076115747	0.00613751285822985	0.00487951033685742
mttarjeta_visa_debitos_automaticos	0.0038850247998676	0.00872398237207312	0.0131404357317125
ccuenta_corriente	0.00380327477635936	0.0023720188340081	0.00171210889012541
Visa_mconsumototal	0.0036059078675675	0.00512001134922368	0.0106578778410307
tpaquete1	0.00358062642802638	0.00285169165390381	0.00428027222531353
Visa_mconsumosdolares	0.00355606161527279	0.00769650242503043	0.0115995377305997
thomebanking	0.0035275173957413	0.0027998949866992	0.00376663955827591
ccajas_extracciones	0.00335918192940307	0.00685264762840037	0.00261096605744125
Master_msaldopesos	0.00323204474546342	0.0100575796372208	0.00719085733852673
mextraccion_autoservicio	0.0029718270978577	0.00663103874182747	0.00881736078414587
ccajas_transacciones	0.00282850361096502	0.00155429769429053	0.00252536061293498
cpayroll_trx	0.00280916356914364	0.00762266563198352	0.00522193211488251
ctarjeta_master_transacciones	0.00278118315044765	0.00603738552606365	0.00483670761460429
ctarjeta_debito	0.00270217113487116	0.00934358682357874	0.00432307494756667
catm_trx	0.00257927294638561	0.00759771041583366	0.00697684372726105
tpaquete2	0.00244652419939229	0.00172143197087315	0.00462269400333861
ccuentas	0.00242493631930944	0.00147094216455722	0.00243975516842871
tpaquete9	0.00230893158644068	0.00137537536165818	0.000684843556050165
mpagomiscuentas	0.00224588027610741	0.0080225656739382	0.00586397294867954
cextraccion_autoservicio	0.00224187259133581	0.00500998584433606	0.00633480289346402
mcuenta_debitos_automaticos	0.00222583496192221	0.00787675643220879	0.007276462783033
matm_other	0.00222066366582987	0.00925279945535168	0.007276462783033
mdescubierto_preacordado	0.00196069321127932	0.00213061725041575	0.00222574155716304
Visa_msaldodolares	0.00182933412797695	0.00699602702013624	0.0043658776698198
cprestamos_personales	0.00180726462326095	0.00743017481267553	0.00393785044728845
cpagomiscuentas	0.00162934503290293	0.00837397816872451	0.00432307494756667
ctarjeta_visa_debitos_automaticos	0.00155515850322874	0.00545966862377098	0.00526473483713564
mcaja_ahorro	0.00142744034585668	0.00237832695809042	0.00231134700166931
mttarjeta_master_debitos_automaticos	0.00133143250169004	0.00822377987362839	0.00423746950306039
catm_trx_other	0.00108411806804278	0.00512144882804869	0.00368103411376964
Visa_cadelantosefectivo	0.00107906045077124	0.000668000788088645	0.000342421778025082
Master_mconsumototal	0.00104430192158554	0.00277253910794311	0.00355262594701023
Visa_mpagado	0.00103204271910131	0.00777536309711803	0.00299619055771947
mtransferencias_emitidas	0.000976987714485211	0.00870032964308196	0.00321020416898515
ccajas_consultas	0.00088395180982936	0.00347771368219417	0.00154089800111287
ccuenta_debitos_automaticos	0.000864894256880711	0.00326721424491605	0.0029105851132132
Visa_mpagosdolares	0.000800711911926955	0.00676734019214072	0.00303899327997261
mcaja_ahorro_dolares	0.000785138877641454	0.00481789635160359	0.000984462611822112
mforex_sell	0.000615600597695314	0.00834195960484568	0.0021829388349099
mpagodeservicios	0.00061233588823431	0.00825177057805847	0.00209733339040363
cseguro_vida	0.000585448232059714	0.00441083810291118	0.00184051705688482
active_quarter	0.000569249771398583	0.00079938781206361	0.00124127894534092
ctarjeta_master_debitos_automaticos	0.00049714810735403	0.00170075270696417	0.00192612250139109
cforex	0.00044481051184982	0.00540433663427847	0.00149809527885974
ctransferencias_emitidas	0.000410119843183421	0.00497379348407194	0.00158370072336601
ccajas_otras	0.000407570027010944	0.00348638233622517	0.000556435389290759
Master_cadelantosefectivo	0.000404271596735936	0.000419962722306739	0.000428027222531353
cseguro_accidentes_personales	0.000394855277725298	0.00194072410857834	0.00132688438984719
Master_mpagado	0.000387689880766564	0.00525958178691563	0.00136968711210033
Visa_madelantopesos	0.000335337315282203	0.000998887252749355	0.000385224500278218
tpaquete7	0.000309537479815688	0.00163320579588252	0.000941659889568977
mcheques_depositados	0.000306177776414777	0.0123573013128625	0.00162650344561914
ctarjeta_visa	0.00028326065854261	0.003745883748373	0.0007276462783033
ccaja_seguridad	0.000255487691022931	0.00501964322111218	0.0007276462783033
ccajas_depositos	0.000242485250989515	0.00283308469449383	0.000941659889568977
minversion1_pesos	0.000228997102207036	0.00394826909197899	0.000599238111543894
cinversion2	0.000196399667825628	0.00445737374355321	0.000513632667037624
minversion2	0.000190714454018681	0.00423058044730941	0.000599238111543894
cinversion1	0.00017817420296012	0.00342940490777307	0.000428027222531353
mcheques_emitidos	0.000176636904957106	0.00369895407800229	0.000684843556050165
Master_mpagosdolares	0.000161554094219834	0.000482602503896936	0.000470829944784488
ctarjeta_visa_descuentos	0.000146803360545006	0.000888960255293904	0.000428027222531353
Master_msaldodolares	0.000146606125851135	0.00249501813255491	0.0007276462783033
mforex_buy	0.000137109527310111	0.0059431175618999	0.000856054445062706
cplazo_fijo	0.000127815876997848	0.000649660163587863	0.000385224500278218
mplazo_fijo_dolares	0.000122502207290618	0.00530627795818786	0.000770449000556435
cpagodeservicios	0.00012213955550883	0.00206198310915681	0.000556435389290759
cforex_buy	0.000111354581726525	0.001111364498171	0.000171210889012541
mtarjeta_visa_descuentos	0.000100629137258378	0.00263479653038144	0.000470829944784488
cseguro_vivienda	0.000100039479032369	0.000237070905000257	0.000256816333518812
Visa_status	9.56892933644532e-05	0.00195660569569827	0.000299619055771947
ccajeros_propios_descuentos	8.91041024578806e-05	0.00278956630001495	0.000428027222531353
ctarjeta_master_descuentos	8.5362518632875e-05	0.00402034734494049	0.000470829944784488
Master_madelantodolares	8.00411737879643e-05	5.14026374759325e-05	8.56054445062706e-05
cforex_sell	7.19024697735564e-05	0.000238668914455467	0.000214013611265676
mcajeros_propios_descuentos	6.62471823394639e-05	0.00149959688204859	0.000342421778025082
tpaquete4	2.5658746381068e-05	0.000565429012235258	8.56054445062706e-05
mprestamos_prendarios	2.08995570256189e-05	0.00079907404765003	0.000128408166759406
minversion1_dolares	1.41131099184615e-05	1.30212231635747e-05	4.28027222531353e-05
ccheques_emitidos	7.21379404581872e-06	0.000325045338775341	4.28027222531353e-05
ccheques_depositados	6.8529596516004e-06	0.000363072856016568	4.28027222531353e-05
Visa_madelantodolares	3.92820803825117e-06	5.34129187768935e-06	4.28027222531353e-05
