Feature	Gain	Cover	Frequency
cliente_antiguedad	0.356424762302414	0.0319967976718311	0.042199875052901
Visa_mpagospesos	0.0892145499820331	0.0238374659744099	0.0267830152556377
Master_mpagospesos	0.0624762534424734	0.0174383857434267	0.0136635698595353
mrentabilidad_annual	0.039385621710592	0.0327662944295432	0.0420789585054715
Visa_delinquency	0.0292229142683234	0.0141296759229565	0.00572338324499708
mcaja_ahorro_adicional	0.0222441632773766	0.0182453932243865	0.0266419459503033
mpasivos_margen	0.018872122693348	0.016057427739915	0.0222083392112211
ctrx_quarter	0.0174021513461539	0.0313266481845035	0.0373229076399105
Master_delinquency	0.016134966388491	0.00726000335857338	0.00352673263336088
mtarjeta_master_consumo	0.0136607665279614	0.0107303844161632	0.00838354728844642
mcomisiones_mantenimiento	0.0132882746719862	0.0282819252170491	0.0300074565204248
mactivos_margen	0.0131378571948177	0.0266307714051449	0.0292819572358477
Master_mfinanciacion_limite	0.0128506873633129	0.0267903422223868	0.0293625682674674
mcuenta_corriente	0.0127388309189489	0.0297359735823253	0.0251103363495294
Master_mpagominimo	0.0125629223637034	0.0248759147572609	0.0146107494810665
cliente_edad	0.0124352384942125	0.0212008353978796	0.0312972330263397
tcallcenter	0.0122858347555905	0.0045560232137794	0.00455452328651176
Visa_mpagominimo	0.0120233304854509	0.0215154972876607	0.0241631567279982
numero_de_cliente	0.0112969522636793	0.0195216038264845	0.0297454706676609
ctarjeta_master_transacciones	0.00989570898407146	0.0055335080235435	0.00471574534975111
mcuentas_saldo	0.00873601448742144	0.023377788121285	0.0270651538663066
chomebanking_transacciones	0.00859722088967322	0.021747261986479	0.0276294310876443
Visa_msaldototal	0.00755241043451282	0.0116332674649717	0.013240361943532
Visa_mfinanciacion_limite	0.00744807898369063	0.0168774793396412	0.0188428286410995
mrentabilidad	0.00696734195389716	0.0150077536969903	0.022732310916749
Master_mconsumospesos	0.0069331600615602	0.00762219662792683	0.00723484008786603
mpayroll	0.00675872947421795	0.0120390356480008	0.0142076943229681
Visa_mlimitecompra	0.00638089906730569	0.0144030877710164	0.018218093146047
ccallcenter_transacciones	0.00626556392173395	0.0094722428703007	0.00612643840309546
ccomisiones_otras	0.00623320264784427	0.0135571517999928	0.0170895387033716
cproductos	0.00622433380017847	0.0135601062002571	0.0162431228713649
mdescubierto_preacordado	0.00599935717532648	0.00307672863828791	0.00346627435964612
ctarjeta_visa_transacciones	0.00574159739921083	0.0123350879371959	0.0149130408496403
Visa_mconsumospesos	0.00536680789302255	0.0107921565495382	0.0170089276717519
mcomisiones	0.00532667538132323	0.0106517976347567	0.0183390096934766
Visa_msaldopesos	0.00494126553349425	0.011923248923145	0.0161625118397453
mtarjeta_visa_consumo	0.00486534656269268	0.0116075517647616	0.0120916547429516
tpaquete1	0.00475285689969292	0.00361630014171572	0.00493742568670523
Visa_cconsumos	0.00450788497276027	0.00987919706341565	0.0154974708288829
Master_mlimitecompra	0.00436463734311837	0.0136899596953531	0.0123737933536204
ccajas_transacciones	0.0041679188069318	0.00302664395032797	0.00290199713830838
cpayroll_trx	0.00415736141159545	0.00807469068647782	0.00648918804538401
ctarjeta_debito	0.00413678407224411	0.00530586381329339	0.0040708570967937
mcomisiones_otras	0.00402461789264725	0.00955083894853881	0.0139457084702041
Master_msaldototal	0.00390708776907212	0.0151946884098697	0.00914935208883336
Master_msaldopesos	0.0036125190509075	0.00937916963311407	0.00677132665605288
Visa_mconsumosdolares	0.00355904811953836	0.0101665661119149	0.0129582233328631
mautoservicio	0.00341634308814958	0.0129870714156159	0.01249470990105
ctarjeta_debito_transacciones	0.00309479272973296	0.0114093546044822	0.0115072247637089
thomebanking	0.00303113598190589	0.00222268782230463	0.00368795469660023
matm	0.00268091459201378	0.0139228791934655	0.0105600451421777
mprestamos_personales	0.00267182617672941	0.0178832683531511	0.00959271276274158
ccajas_extracciones	0.00256704208609116	0.00495761313507259	0.0028213861066887
mttarjeta_visa_debitos_automaticos	0.00237778263052248	0.00963768729292312	0.0102980592894138
active_quarter	0.00225288704608369	0.00116210726781761	0.00143084581124927
tpaquete2	0.00221832656316869	0.0025072093841028	0.00513895326575442
ccuenta_corriente	0.00206286579242294	0.00149657340104262	0.00147115132705911
catm_trx	0.00201324804600139	0.00840576679647306	0.0066907156244332
mextraccion_autoservicio	0.00198658380313156	0.00910335654626893	0.00789988109872836
tpaquete9	0.00189970943349664	0.00514363078192252	0.00173313717982306
mcuenta_debitos_automaticos	0.00167566338116037	0.0122576413457768	0.00820217246730215
mpagomiscuentas	0.00161347767240707	0.0104157026046002	0.00600552185566595
ccomisiones_mantenimiento	0.00159401004235819	0.00158041156417315	0.00294230265411822
matm_other	0.00147326101349191	0.0104783692259851	0.0079401866145382
mcaja_ahorro	0.00141812597968329	0.00692862642967058	0.00354688539126579
cextraccion_autoservicio	0.00139100162828499	0.00580669475546725	0.00536063360270853
Visa_msaldodolares	0.00132693264939385	0.0040039793467274	0.00245863646440015
Master_madelantopesos	0.00130453263619913	0.000334324688573109	0.000322444126478709
cpagomiscuentas	0.00109542492089364	0.00644638051788486	0.00318413574897725
Master_tconsumos	0.000985587579996884	0.00299095806230751	0.00336551057012152
ctarjeta_visa_debitos_automaticos	0.000978738120761893	0.00544076482387797	0.00409100985469862
Visa_mpagado	0.000935776639156261	0.00694216660080769	0.00370810745450515
Visa_mconsumototal	0.000854518905282881	0.00184396877075804	0.00300276092783297
cprestamos_personales	0.00085191202339764	0.00763831002923345	0.0033453578122166
Master_cadelantosefectivo	0.000824473850705335	0.000201870072812904	0.000241833094859032
catm_trx_other	0.000820050974805814	0.00678545256709845	0.00427238467584289
mtransferencias_emitidas	0.000720943553916343	0.00876586894278037	0.00360734366498055
mttarjeta_master_debitos_automaticos	0.000675523421839821	0.00703461030968446	0.00332520505431168
ccajas_consultas	0.00062998149435987	0.00380822658909424	0.00189435924306241
Visa_mpagosdolares	0.000622672979615543	0.00823006531238012	0.00419177364422321
ccuenta_debitos_automaticos	0.000568422268433957	0.00278986095463455	0.0021966506116362
ccuentas	0.000558390987755291	0.00135306950094939	0.00128977650591483
Visa_madelantopesos	0.00052684164871637	0.000155646226196324	0.000342596884383628
cseguro_vida	0.000517087354786274	0.00448437651714746	0.00227726164325588
Master_mconsumototal	0.000478476046888998	0.00118427224242352	0.00116885995848532
mpagodeservicios	0.000417466877223088	0.00581905754929068	0.00270046955925918
Master_mconsumosdolares	0.000412192059873047	0.000669668708323043	0.00110840168477056
tpaquete7	0.000410277171426733	0.0036835222105749	0.00195481751677717
ctarjeta_visa	0.000378177988436083	0.00217994563911482	0.000705346526672175
cseguro_accidentes_personales	0.000363640525552021	0.0026226527902495	0.00141069305334435
ccajas_otras	0.00033650457142121	0.00189999147786011	0.000624735495052498
mforex_sell	0.000294897454798247	0.00670400966621861	0.0023981781906854
Visa_cadelantosefectivo	0.000273099716279187	6.80196041968782e-05	0.000141069305334435
cforex	0.000207867786937843	0.00418680884440472	0.00155176235867879
ctransferencias_emitidas	0.000174330708966039	0.00493077119012246	0.00165252614820338
cpagodeservicios	0.000173459158198062	0.00440340576250001	0.00159206787448862
ctarjeta_master_debitos_automaticos	0.000161665517636766	0.00171539491812316	0.000826263074101691
ccajas_depositos	0.000125091851176433	0.00142287276869086	0.000624735495052498
Master_mpagado	0.000111239972179279	0.00486435329719496	0.00147115132705911
Master_mpagosdolares	0.000103031353980482	0.000171923650174396	0.000302291368573789
cseguro_vivienda	6.04973703313363e-05	0.000853730700244141	0.000382902400193467
ctarjeta_visa_descuentos	5.49492135137001e-05	0.00157626849758539	0.00056427722133774
mplazo_fijo_dolares	4.42098474970199e-05	0.000470500029143575	0.000201527579049193
mcheques_depositados	3.91481546313328e-05	0.00192555643658677	0.000584429979242659
cplazo_fijo	2.23780656028123e-05	0.000189271537902984	0.000100763789524596
ccheques_depositados	1.20405821437512e-05	0.000617941137411005	0.000201527579049193
cforex_sell	1.17792104977341e-05	0.000257030830815617	0.000120916547429516
Visa_status	7.56623297934217e-06	1.74667543609342e-05	6.04582737147579e-05
Visa_madelantodolares	6.57142442257762e-06	1.02789754306695e-05	2.01527579049193e-05
