Feature	Gain	Cover	Frequency
cliente_antiguedad	0.208615191413635	0.0290114270304761	0.0318547186662697
ctrx_quarter	0.131720351817159	0.0299329292469734	0.0323757070556713
mrentabilidad_annual	0.0539357168175877	0.0351415815054839	0.0395206906817505
mtarjeta_master_consumo	0.0426773007097386	0.00883151575385067	0.00736826436439417
Master_mpagospesos	0.0425720817111793	0.0135843747317937	0.0110151830902054
Visa_mpagospesos	0.0369057744551811	0.0219563511474666	0.0241143197380173
numero_de_cliente	0.0246312518425642	0.0253690289844283	0.0264959809467103
Master_delinquency	0.0197368529596679	0.00467517021600859	0.00275379577255135
mtarjeta_visa_consumo	0.0172681846906851	0.0143244963655102	0.0141411134266151
mpasivos_margen	0.0168674456117458	0.0179498479140393	0.0220303661804108
mcaja_ahorro_adicional	0.0161491037295154	0.022484143139201	0.026793688597797
Visa_delinquency	0.0159531390319998	0.00974153679837225	0.00431676094075618
cliente_edad	0.015640725045636	0.0218598138235603	0.0313337302768681
Visa_msaldototal	0.0154563056316252	0.0172331466669099	0.0201696933611194
mactivos_margen	0.0143284652940506	0.0274917662911729	0.0299196189342066
Visa_mpagominimo	0.0133318765111624	0.0237217528359231	0.0231467698719857
mcuentas_saldo	0.013187569238082	0.0251186581489173	0.0268681155105686
mcomisiones_mantenimiento	0.0122154882314831	0.0268425994523406	0.026570407859482
cproductos	0.0119372795017565	0.0166044928266685	0.0155552247692766
tcallcenter	0.0115058057132165	0.00359699591382745	0.00282822268532301
Master_mconsumosdolares	0.0114624073236071	0.00219937450600881	0.00223280738314975
Master_mfinanciacion_limite	0.0113704631425723	0.0227662672965689	0.023965465912474
mcuenta_corriente	0.0112684811908313	0.0240633236158979	0.0203929740994344
Master_mpagominimo	0.00985638996675433	0.0143247759220483	0.0099732063114022
ccomisiones_otras	0.00903822522094414	0.0177358086763051	0.0175647514141113
Visa_cconsumos	0.00900499085510237	0.0124224926003696	0.0165227746353081
Master_mlimitecompra	0.00862387391742442	0.0206910459995596	0.0234444775230723
ctarjeta_visa_transacciones	0.008412009254541	0.0116780227872684	0.0129502828222685
chomebanking_transacciones	0.00786430032605001	0.0207160017966712	0.0238166120869306
Visa_msaldopesos	0.00748670056569541	0.016388395622727	0.0214349508782376
Visa_mlimitecompra	0.00734232912466393	0.0183090952689608	0.020690681750521
mrentabilidad	0.00707803156506288	0.0203100986059778	0.0257517118189938
ccallcenter_transacciones	0.00693595681296463	0.010618277712252	0.00573087228341768
Visa_mfinanciacion_limite	0.00654519752908012	0.0175884006642066	0.0191277165823162
Visa_mconsumospesos	0.00625192016718046	0.0136370904931374	0.0201696933611194
mcomisiones	0.00584373075271842	0.0147901020805645	0.0221792200059542
tpaquete1	0.00578440727617613	0.00427625378833247	0.0049866031557011
Master_mconsumospesos	0.00569166182318967	0.00741171691082206	0.00654956832390592
mcomisiones_otras	0.00548350449139257	0.0141084679754857	0.0198719857100327
Master_tconsumos	0.00545758061477374	0.00469573052416746	0.00550759154510271
mpayroll	0.00542051700016086	0.0137389802495306	0.0133224173861268
Visa_cadelantosefectivo	0.0051684454181376	0.000142176003966503	0.000372134563858291
ccajas_transacciones	0.00463434393106288	0.00280160380209622	0.00282822268532301
mautoservicio	0.00454824300435125	0.0157784763714072	0.0163739208097648
Visa_mconsumototal	0.00410561398253344	0.00953180273132458	0.0138434057755284
Master_msaldototal	0.00386471935143713	0.00936439997544806	0.00684727597499256
Master_msaldopesos	0.00377423855430394	0.0106489859227434	0.00811253349211075
ctarjeta_debito_transacciones	0.00370974451405475	0.0124762792782976	0.012206013694552
ccuentas	0.00331538827739783	0.00197500887984463	0.00148853825543316
Master_mconsumototal	0.00323041998776572	0.00722494733816081	0.00550759154510271
mdescubierto_preacordado	0.00314390190719368	0.00358613406710531	0.00379577255135457
mcaja_ahorro	0.00302083505074723	0.00822397058266978	0.00461446859184281
catm_trx	0.00286663155947386	0.00698788124342783	0.00640071449836261
cpayroll_trx	0.00279802369338457	0.00465047892239075	0.00595415302173266
mttarjeta_visa_debitos_automaticos	0.0027865104338719	0.0107099529028305	0.0111640369157487
Visa_mconsumosdolares	0.00273517872265202	0.0102620861253353	0.0125781482584102
matm	0.00265157526649992	0.0113220225890586	0.00967549866031557
mextraccion_autoservicio	0.00257328616642972	0.00967640872673753	0.00922893718368562
ccajas_extracciones	0.00254932037831172	0.00285096918585263	0.00215838047037809
ccuenta_corriente	0.00225939570625889	0.00282692302270731	0.00290264959809467
ccomisiones_mantenimiento	0.00215319885358882	0.00288932434287822	0.00401905328966954
tpaquete2	0.00215127380072765	0.00331752754357134	0.00550759154510271
mprestamos_personales	0.00215003294786922	0.0153766009452972	0.00848466805596904
thomebanking	0.00214073124835015	0.00244357789420266	0.00342363798749628
Master_madelantodolares	0.00204341620132543	0.000307013290997349	0.000223280738314975
mpagomiscuentas	0.00191172204465576	0.00769481951607331	0.00483774933015779
mttarjeta_master_debitos_automaticos	0.00180215535394753	0.00285398839646398	0.00163739208097648
Visa_msaldodolares	0.00179840909774904	0.00635661032390296	0.00394462637689789
ctarjeta_master_transacciones	0.00174976169204368	0.00350797005905608	0.00290264959809467
Master_cadelantosefectivo	0.00170112432660895	0.00070615336390393	0.000893122953259899
ctarjeta_debito	0.00151314045411646	0.00584668844625708	0.00305150342363799
Master_madelantopesos	0.00141710034014837	0.000635933062406204	0.000744269127716582
matm_other	0.00137545715152638	0.0120383346074696	0.00774039892825246
cextraccion_autoservicio	0.00136656221456247	0.00698061707430737	0.00610300684727598
mcuenta_debitos_automaticos	0.00124963846040978	0.0106375542107706	0.00729383745162251
tpaquete9	0.00114560645240989	0.00466577926676376	0.00156296516820482
cpagomiscuentas	0.00106298352575282	0.00596087869032613	0.00364691872581125
Visa_mpagado	0.000982741470427979	0.00573445939882446	0.00364691872581125
cprestamos_personales	0.000953180537896894	0.00292333562138891	0.00245608812146472
ccajas_consultas	0.00084141623752864	0.00320483400219851	0.00163739208097648
catm_trx_other	0.000840142517630262	0.00634588395458004	0.00461446859184281
Visa_madelantopesos	0.000760099846612224	0.000524256676745031	0.000893122953259899
Visa_mpagosdolares	0.000755920963853126	0.00170786250161344	0.00215838047037809
Master_mpagosdolares	0.000739712931307019	0.000907666318296928	0.00111640369157487
ccuenta_debitos_automaticos	0.000693766491277172	0.00319699566695753	0.00282822268532301
ctarjeta_visa_debitos_automaticos	0.000578900158346801	0.00468832442634305	0.00372134563858291
mtransferencias_emitidas	0.000572380671087348	0.00362781594693413	0.00223280738314975
tpaquete7	0.00045675956184849	0.0041356540531538	0.0017862459065198
cseguro_vida	0.000431559222034642	0.00452738372736616	0.00223280738314975
cseguro_accidentes_personales	0.000410408651913609	0.00244162314887096	0.00141411134266151
mpagodeservicios	0.00033369532398116	0.00530454015107446	0.00223280738314975
ctarjeta_master_debitos_automaticos	0.000285947197043564	0.0016245503523936	0.00119083060434653
ctransferencias_emitidas	0.000255139693592682	0.00280683581022827	0.00141411134266151
mforex_sell	0.0002160225489685	0.00613795195198557	0.00223280738314975
cpagodeservicios	0.000108676060304841	0.00316607456341016	0.00119083060434653
ccajas_depositos	9.99533945765876e-05	0.00112451617445638	0.000446561476629949
active_quarter	9.57100818481853e-05	0.000381153835333023	0.000893122953259899
cforex	8.26935171186144e-05	0.00142312341539693	0.000669842214944924
Visa_status	7.34712314248757e-05	0.00116152300879442	0.000595415302173266
Visa_madelantodolares	4.7045976819064e-05	0.000115403089357368	0.000223280738314975
cforex_sell	2.37420624189949e-05	0.000800189732011791	0.000372134563858291
ctarjeta_visa	1.84373026971574e-05	0.000169699420358657	0.000148853825543316
cseguro_vivienda	1.57573972242009e-05	0.0006171124560882	0.000223280738314975
